3086.0
3142.0
3218.0
3201.0
3449.0
3381.0
3138.0
3495.0
3004.0
2947.0
2650.0
3340.0
3300.0
3356.0
3186.0
3180.0
2908.0
3479.0
2946.0
2998.0
3446.0
3386.0
2987.0
3785.0
3405.0
3533.0
3352.0
2582.0
3300.0
4253.0
2987.0
3572.0
2644.0
3772.0
2262.0
3623.0
2932.0
4163.0
3076.0
3528.0
3013.0
4044.0
3439.0
3162.0
3757.0
3410.0
3006.0
3152.0
2938.0
2913.0
3954.0
3643.0
2992.0
3009.0
2793.0
3050.0
2858.0
3299.0
3094.0
3213.0
3041.0
4182.0
3922.0
3552.0
3698.0
3249.0
3058.0
3229.0
3114.0
2824.0
2832.0
3744.0
3243.0
2998.0
3083.0
3553.0
3180.0
3210.0
3234.0
3417.0
3822.0
3395.0
3525.0
3218.0
3324.0
3415.0
3376.0
2856.0
3764.0
2989.0
3305.0
4048.0
3617.0
2517.0
3676.0
2918.0
3242.0
3102.0
3325.0
3063.0
3056.0
2851.0
3482.0
3143.0
3790.0
3044.0
3610.0
2928.0
3124.0
3364.0
3365.0
3268.0
3366.0
3290.0
3437.0
3139.0
3047.0
3551.0
3157.0
3658.0
