1383.0
2783.0
-2647.0
-3700.0
-809.0
378.0
7200.0
197.0
4361.0
-3826.0
3873.0
-3912.0
5428.0
3189.0
1005.0
-1790.0
1061.0
4706.0
4405.0
-505.0
2014.0
-4908.0
4154.0
-4466.0
8247.0
-1023.0
4350.0
-3136.0
-711.0
-1197.0
5961.0
3282.0
1753.0
-7777.0
-2464.0
348.0
8078.0
6398.0
344.0
-9284.0
1458.0
299.0
4584.0
5340.0
7992.0
-3629.0
5240.0
2894.0
1536.0
3796.0
4602.0
-1320.0
602.0
3328.0
1639.0
-4767.0
3546.0
-6122.0
-6676.0
-373.0
-1098.0
3449.0
-3469.0
3223.0
-2132.0
3082.0
-4461.0
6700.0
3178.0
1404.0
9144.0
2332.0
116.0
108.0
2788.0
-1834.0
1999.0
4503.0
957.0
-788.0
9491.0
94.0
-3307.0
6189.0
-3680.0
1161.0
3792.0
2053.0
-284.0
5012.0
766.0
-1565.0
-5636.0
6705.0
666.0
5711.0
-1764.0
-3153.0
7376.0
10617.0
6584.0
4666.0
-5388.0
4775.0
1697.0
503.0
4038.0
8894.0
-6306.0
4666.0
1830.0
2449.0
-6631.0
5366.0
-4567.0
3896.0
-273.0
823.0
-7651.0
2667.0
-7889.0
-1634.0
-2812.0
3594.0
3897.0
5624.0
-5827.0
-3038.0
-1775.0
1498.0
2052.0
6531.0
-7814.0
5344.0
6321.0
2828.0
-851.0
-3115.0
-793.0
4913.0
5348.0
7251.0
-3628.0
5134.0
-782.0
6301.0
183.0
1976.0
-8394.0
2328.0
