-211.0
-4146.0
-2535.0
-2654.0
5183.0
541.0
3983.0
-3359.0
4736.0
2659.0
-1438.0
13.0
-2772.0
3670.0
101.0
1473.0
2355.0
-3943.0
4073.0
3651.0
7877.0
1881.0
7240.0
-1733.0
-624.0
-1162.0
-1279.0
761.0
-1393.0
-1038.0
-2767.0
7712.0
5679.0
4916.0
438.0
-2314.0
-3664.0
2389.0
-1946.0
-2804.0
2618.0
3339.0
2732.0
3801.0
-3408.0
-2326.0
-3688.0
2065.0
-200.0
-3410.0
-5636.0
4528.0
1794.0
-4305.0
4251.0
-3995.0
2102.0
3017.0
-4907.0
-6423.0
-3743.0
-4602.0
-4667.0
2874.0
-362.0
2904.0
-3884.0
-2375.0
-4925.0
2830.0
3404.0
5917.0
5678.0
4869.0
-1048.0
1877.0
5282.0
-5520.0
-2476.0
-4686.0
-3500.0
4702.0
-832.0
-3689.0
4789.0
1175.0
-4738.0
5613.0
6335.0
5124.0
2541.0
-5926.0
2749.0
1051.0
-43.0
4835.0
4893.0
-5946.0
4712.0
2305.0
-3940.0
-2630.0
-3995.0
-2649.0
5031.0
2858.0
2416.0
-3828.0
2763.0
5841.0
2229.0
1734.0
1980.0
1342.0
-7000.0
247.0
-4857.0
3835.0
-5740.0
4265.0
-2146.0
-7721.0
-2456.0
4581.0
-7492.0
4851.0
-411.0
2262.0
1817.0
731.0
2950.0
5081.0
5491.0
-621.0
-3829.0
-3399.0
-4315.0
4758.0
1703.0
-4788.0
2682.0
-28.0
-4526.0
541.0
-1891.0
1502.0
2504.0
-4632.0
4704.0
5797.0
-1718.0
-6370.0
2082.0
2740.0
-6030.0
1085.0
-3736.0
-528.0
-506.0
1384.0
-701.0
7063.0
772.0
-2931.0
-2849.0
-3147.0
3556.0
-5439.0
4214.0
-3016.0
-4654.0
5050.0
5266.0
3363.0
-1163.0
-4257.0
-6826.0
-1356.0
-349.0
-2934.0
1629.0
-3932.0
5780.0
-5378.0
3433.0
-5026.0
1982.0
-1662.0
5282.0
-4091.0
2196.0
-2554.0
-6869.0
-4265.0
-2839.0
-7018.0
-4066.0
-79.0
352.0
1047.0
1554.0
-3106.0
-2271.0
-3783.0
-3228.0
4153.0
760.0
5550.0
-2796.0
4599.0
-3183.0
8190.0
-2713.0
-2324.0
6687.0
324.0
5874.0
1601.0
-1441.0
-2078.0
-2139.0
-5504.0
4283.0
-516.0
2005.0
1681.0
1657.0
281.0
1494.0
-6743.0
-1901.0
-7283.0
1765.0
4173.0
3830.0
-3447.0
-6788.0
4045.0
2580.0
3759.0
-3139.0
3082.0
-4510.0
-1350.0
701.0
-531.0
4447.0
-4273.0
4197.0
-4525.0
-479.0
4365.0
-1848.0
5062.0
4404.0
-2107.0
-1003.0
1448.0
2168.0
4098.0
4258.0
2389.0
-2670.0
2655.0
-1090.0
1021.0
-4690.0
-4999.0
5096.0
-1868.0
-4.0
-5060.0
-3076.0
4501.0
1168.0
-2202.0
-1895.0
4780.0
-5736.0
-2442.0
-2163.0
-5773.0
5117.0
6611.0
3430.0
-3382.0
-2108.0
-3736.0
-3457.0
2334.0
-985.0
-981.0
-451.0
-6199.0
-829.0
-4957.0
5266.0
1025.0
-6671.0
2008.0
-1348.0
4975.0
4433.0
6410.0
691.0
-2865.0
-4136.0
5518.0
-280.0
4683.0
-5803.0
-1830.0
2965.0
-3771.0
2295.0
-3936.0
-3246.0
3400.0
5502.0
2936.0
-3361.0
3958.0
-1259.0
-3518.0
-3625.0
-4357.0
-2333.0
3613.0
5930.0
3882.0
7185.0
3083.0
6811.0
399.0
-2127.0
-3947.0
377.0
1541.0
-1961.0
-2826.0
3750.0
7081.0
-772.0
-414.0
5058.0
-2538.0
2812.0
844.0
-4263.0
4766.0
1728.0
3179.0
-1423.0
-5303.0
3465.0
1005.0
4089.0
-1763.0
4662.0
-4094.0
-2132.0
4766.0
-4054.0
-3757.0
4459.0
-4986.0
3458.0
-1947.0
-3522.0
2797.0
4135.0
-3977.0
-3537.0
-2883.0
-553.0
5596.0
6549.0
-795.0
-2786.0
71.0
2704.0
-4911.0
1779.0
-1460.0
-5799.0
3109.0
-3216.0
2312.0
-6848.0
2913.0
5745.0
6816.0
6392.0
1419.0
-1148.0
-1218.0
7000.0
-1743.0
3369.0
-2006.0
-4169.0
-6292.0
2265.0
2603.0
2642.0
628.0
-2568.0
-5811.0
-3356.0
1483.0
-761.0
5941.0
-6577.0
-824.0
-726.0
5523.0
856.0
3402.0
-1928.0
-1992.0
-5502.0
-1509.0
-5571.0
806.0
-2946.0
-2886.0
-976.0
4289.0
-5357.0
3094.0
7737.0
-4276.0
-4532.0
-2339.0
2811.0
486.0
275.0
3023.0
-3693.0
-1522.0
-2480.0
-5321.0
2980.0
2439.0
2134.0
-2993.0
-282.0
4149.0
2901.0
-1954.0
4150.0
3089.0
298.0
1776.0
5898.0
-2920.0
-5000.0
5412.0
-2169.0
4917.0
-5541.0
67.0
-5371.0
3042.0
2090.0
2053.0
-3242.0
-5408.0
1370.0
2610.0
3400.0
-181.0
5153.0
2618.0
-4705.0
3993.0
5910.0
-3072.0
2605.0
-3897.0
-2886.0
2869.0
1685.0
-1930.0
-4362.0
4918.0
-2339.0
403.0
6297.0
-3410.0
8144.0
1207.0
-1700.0
-599.0
4909.0
-1253.0
343.0
417.0
1476.0
-1379.0
2639.0
-3660.0
-5335.0
-4596.0
1197.0
3663.0
4817.0
-543.0
-2195.0
2237.0
495.0
886.0
323.0
1033.0
-5320.0
2218.0
1928.0
-8485.0
2078.0
68.0
2864.0
-1437.0
4481.0
-2367.0
4823.0
-1332.0
6713.0
-202.0
556.0
398.0
5672.0
4449.0
712.0
-4336.0
4226.0
-4647.0
-2740.0
-2936.0
-6349.0
1571.0
8187.0
-3526.0
-2576.0
-3022.0
-3511.0
5294.0
4930.0
-3972.0
-1846.0
-3575.0
3986.0
-6421.0
3234.0
4019.0
-5649.0
2122.0
-3000.0
-921.0
2712.0
-5786.0
-1564.0
-2249.0
-2174.0
4249.0
5710.0
2867.0
-3121.0
-3159.0
5887.0
6077.0
3588.0
-745.0
-3146.0
3691.0
3084.0
-4142.0
-3074.0
376.0
905.0
1967.0
6204.0
5850.0
4672.0
1677.0
-2912.0
-1827.0
4717.0
-2579.0
-350.0
-3322.0
-4521.0
4922.0
3603.0
5335.0
-5310.0
-2960.0
-2501.0
6075.0
844.0
4076.0
-2218.0
-2243.0
-7057.0
-7468.0
1971.0
-1231.0
-666.0
893.0
631.0
633.0
2050.0
-6866.0
-3973.0
747.0
-6622.0
1512.0
-6626.0
2027.0
127.0
1588.0
-4876.0
1617.0
1770.0
-2041.0
1199.0
1994.0
1745.0
686.0
-5388.0
2532.0
2993.0
-2843.0
4243.0
-666.0
1774.0
-4523.0
-3893.0
3262.0
-1945.0
981.0
447.0
1404.0
-3095.0
4132.0
5026.0
-3085.0
-2095.0
-2696.0
-2593.0
5362.0
-5785.0
4035.0
2566.0
-1504.0
2880.0
-3082.0
-1629.0
2947.0
4523.0
1005.0
4174.0
366.0
522.0
-5536.0
4688.0
-4463.0
-6352.0
-942.0
1667.0
-593.0
-4728.0
2031.0
1735.0
-5288.0
2383.0
-5620.0
3111.0
-3669.0
-3419.0
-5441.0
4163.0
-3166.0
3055.0
-5151.0
-1090.0
-3469.0
1793.0
1204.0
-3767.0
346.0
1832.0
-2756.0
-1434.0
-4490.0
7201.0
-4075.0
3207.0
1543.0
-3469.0
-3708.0
5976.0
6660.0
2020.0
-302.0
-5077.0
-5133.0
1819.0
4800.0
647.0
-5768.0
691.0
6091.0
929.0
-2810.0
-1868.0
-5316.0
-6821.0
3136.0
-5095.0
1127.0
3833.0
-4051.0
2841.0
-2631.0
3945.0
-2990.0
3795.0
-1518.0
1249.0
1100.0
5211.0
-4988.0
-5415.0
868.0
-5894.0
5102.0
3186.0
-1248.0
-5717.0
-4852.0
-7098.0
-2613.0
2413.0
-2004.0
-2157.0
3019.0
-431.0
3525.0
-3379.0
-5463.0
-5212.0
6720.0
-1491.0
3105.0
-1259.0
2253.0
3652.0
-4139.0
-5218.0
-3389.0
-5073.0
3220.0
-4023.0
-492.0
-5490.0
-4883.0
-2618.0
-2885.0
5851.0
2106.0
2947.0
-5509.0
2662.0
-4717.0
2899.0
-3436.0
716.0
-1115.0
-2768.0
291.0
2412.0
-4701.0
4864.0
5267.0
-1780.0
-4277.0
-3480.0
5494.0
4795.0
5147.0
5497.0
759.0
-1911.0
-5895.0
5205.0
-5507.0
4740.0
5024.0
-2572.0
-5052.0
-7436.0
3648.0
3596.0
4327.0
-6033.0
-1681.0
189.0
2817.0
3075.0
-6956.0
4277.0
3141.0
1650.0
-2839.0
-3000.0
-1409.0
5672.0
-3298.0
7021.0
-2795.0
4991.0
-1064.0
2212.0
-2819.0
-5879.0
-3280.0
2539.0
992.0
-2548.0
-3892.0
-3351.0
6203.0
-3783.0
370.0
485.0
-1715.0
-5251.0
3487.0
-5505.0
2227.0
