3750.0
4059.0
1333.0
2458.0
4717.0
947.0
3235.0
2692.0
4838.0
4043.0
2981.0
2004.0
4376.0
3392.0
4768.0
3707.0
3224.0
3528.0
3614.0
4128.0
2684.0
1147.0
2943.0
3641.0
2373.0
4431.0
3988.0
2008.0
3209.0
2287.0
3581.0
4220.0
4468.0
1716.0
1044.0
3451.0
1396.0
1549.0
3399.0
4252.0
3712.0
1991.0
2333.0
1434.0
2605.0
2698.0
3285.0
3226.0
3135.0
2593.0
2102.0
4645.0
1795.0
2736.0
1455.0
4728.0
4343.0
3898.0
3297.0
3835.0
3672.0
4680.0
2002.0
3605.0
2693.0
3801.0
3423.0
1156.0
2090.0
1306.0
2933.0
2170.0
3799.0
2058.0
1030.0
1660.0
4427.0
3410.0
5669.0
1610.0
2844.0
2648.0
3002.0
2209.0
