-3253.0
-275.0
-4225.0
-6062.0
1019.0
-2644.0
0.0
0.0
3166.0
-120.0
-382.0
-2539.0
1865.0
2323.0
0.0
0.0
-281.0
-1097.0
3064.0
-3602.0
-1440.0
4826.0
0.0
0.0
2440.0
3279.0
-4145.0
2816.0
4842.0
4967.0
0.0
0.0
-3619.0
4039.0
1239.0
-374.0
1752.0
3028.0
0.0
0.0
-885.0
-3588.0
-5543.0
320.0
2401.0
839.0
0.0
0.0
5355.0
-4306.0
-228.0
832.0
-3869.0
-2101.0
0.0
0.0
5617.0
-2435.0
-354.0
4796.0
-412.0
-4265.0
0.0
0.0
2402.0
-1870.0
-393.0
2748.0
-5533.0
-4296.0
0.0
0.0
2078.0
1975.0
-494.0
-4395.0
-55.0
-4930.0
0.0
0.0
3923.0
4456.0
-2609.0
5815.0
64.0
-891.0
0.0
0.0
4767.0
4315.0
-538.0
4317.0
3539.0
222.0
0.0
0.0
535.0
330.0
-5830.0
4522.0
-5684.0
-891.0
0.0
0.0
4896.0
-2152.0
-0.0
-1859.0
-6884.0
1041.0
0.0
0.0
2612.0
-3444.0
-4629.0
6314.0
-5241.0
-3396.0
0.0
0.0
-2611.0
1399.0
1614.0
-4137.0
966.0
-232.0
0.0
0.0
1207.0
-1808.0
-4868.0
-1473.0
-4510.0
2809.0
0.0
0.0
-6855.0
583.0
1394.0
1058.0
-6788.0
6703.0
0.0
0.0
1961.0
-676.0
168.0
6720.0
280.0
1425.0
0.0
0.0
1099.0
-1578.0
735.0
7853.0
-3697.0
6529.0
0.0
0.0
-364.0
7111.0
-1321.0
2490.0
357.0
2776.0
0.0
0.0
4870.0
-3426.0
5154.0
2326.0
5601.0
2307.0
0.0
0.0
2653.0
-3180.0
-3807.0
2727.0
6775.0
-2364.0
0.0
0.0
561.0
6608.0
614.0
3952.0
3255.0
-397.0
0.0
0.0
-912.0
192.0
2192.0
-1178.0
161.0
2377.0
0.0
0.0
-1565.0
-1969.0
3461.0
-2647.0
2374.0
4486.0
0.0
0.0
4529.0
-833.0
-282.0
-5311.0
-1368.0
3218.0
0.0
0.0
5237.0
-1203.0
767.0
-2943.0
-1123.0
952.0
0.0
0.0
1118.0
1163.0
-629.0
-7998.0
-4332.0
2069.0
0.0
0.0
-2876.0
1137.0
-265.0
-3749.0
1031.0
-660.0
0.0
0.0
4227.0
4670.0
2809.0
-2810.0
3937.0
873.0
0.0
0.0
1320.0
1526.0
-5163.0
-3305.0
122.0
-3564.0
0.0
0.0
-1620.0
-2045.0
-6821.0
-7296.0
5961.0
-5319.0
0.0
0.0
5477.0
-3960.0
-4363.0
805.0
-2222.0
-6005.0
0.0
0.0
1511.0
3809.0
-2746.0
-4465.0
459.0
3800.0
0.0
0.0
397.0
13.0
80.0
1874.0
5582.0
1794.0
0.0
0.0
7663.0
-3238.0
-7739.0
-4089.0
2463.0
1823.0
0.0
0.0
-3348.0
-5879.0
-4898.0
-2798.0
-5227.0
-7239.0
0.0
0.0
-5069.0
1536.0
4316.0
4386.0
-3925.0
-2162.0
0.0
0.0
551.0
-4700.0
501.0
12.0
-460.0
4416.0
0.0
0.0
5667.0
953.0
-2996.0
1457.0
7012.0
-3690.0
0.0
0.0
663.0
-587.0
-2858.0
-1898.0
-1157.0
-4357.0
0.0
0.0
-5474.0
-1702.0
1571.0
-5340.0
-1518.0
-783.0
0.0
0.0
-1552.0
2343.0
276.0
148.0
1678.0
7272.0
0.0
0.0
-164.0
-4281.0
6333.0
487.0
1285.0
1569.0
0.0
0.0
1435.0
-3338.0
-3473.0
-568.0
2457.0
2361.0
0.0
0.0
-2410.0
-2190.0
1381.0
1002.0
-467.0
3645.0
0.0
0.0
241.0
-575.0
4785.0
453.0
-633.0
3223.0
0.0
0.0
-6360.0
-901.0
785.0
-1343.0
5093.0
2120.0
0.0
0.0
-2756.0
-2947.0
-791.0
-3933.0
6555.0
3930.0
0.0
0.0
3376.0
-3403.0
-2736.0
2207.0
1315.0
978.0
0.0
0.0
3222.0
-1639.0
-4808.0
5135.0
3502.0
5611.0
0.0
0.0
-1172.0
-888.0
2215.0
7475.0
-1312.0
-856.0
0.0
0.0
-1506.0
1725.0
-4816.0
3412.0
-2727.0
1852.0
0.0
0.0
-2012.0
2501.0
-2393.0
-1833.0
3204.0
-6132.0
0.0
0.0
2377.0
-2699.0
-3631.0
4839.0
5500.0
-1799.0
0.0
0.0
-2230.0
2089.0
2385.0
-975.0
-5455.0
-5394.0
0.0
0.0
438.0
-1288.0
-1925.0
-1586.0
983.0
2865.0
0.0
0.0
-4420.0
5045.0
-1435.0
-1602.0
-873.0
-1318.0
0.0
0.0
1342.0
-1710.0
3240.0
1746.0
-3492.0
2078.0
0.0
0.0
5746.0
-2791.0
-3505.0
492.0
-159.0
3693.0
0.0
0.0
3919.0
1369.0
398.0
3634.0
2255.0
-1788.0
0.0
0.0
-3193.0
4189.0
-1272.0
3318.0
809.0
3508.0
0.0
0.0
-1865.0
1334.0
-4024.0
-1392.0
1119.0
596.0
0.0
0.0
-2136.0
1497.0
-340.0
-1061.0
-1106.0
5146.0
0.0
0.0
2716.0
-2950.0
812.0
4168.0
765.0
1031.0
0.0
0.0
1152.0
650.0
1772.0
2768.0
-2251.0
6195.0
0.0
0.0
978.0
-2126.0
-162.0
-130.0
2391.0
4937.0
0.0
0.0
-4486.0
3290.0
619.0
363.0
-4228.0
2699.0
0.0
0.0
-366.0
4223.0
-2791.0
-969.0
-2156.0
-778.0
0.0
0.0
4837.0
-2418.0
-811.0
2454.0
1438.0
5683.0
0.0
0.0
310.0
2645.0
5609.0
-417.0
-1562.0
3751.0
0.0
0.0
5086.0
1611.0
-736.0
-7065.0
1165.0
-880.0
0.0
0.0
3169.0
-2060.0
-2769.0
-1014.0
2176.0
2645.0
0.0
0.0
-1266.0
3202.0
-1455.0
-506.0
1884.0
653.0
0.0
0.0
-4717.0
764.0
2042.0
-2751.0
7955.0
3289.0
0.0
0.0
2463.0
4262.0
4270.0
-4522.0
-43.0
2717.0
0.0
0.0
-625.0
417.0
6179.0
-6026.0
8482.0
2526.0
0.0
0.0
3603.0
4099.0
4932.0
1348.0
2172.0
2203.0
0.0
0.0
3265.0
4658.0
240.0
-4247.0
-2852.0
-2193.0
0.0
0.0
921.0
-543.0
-1086.0
-6566.0
-15.0
4584.0
0.0
0.0
-5593.0
1465.0
-866.0
104.0
682.0
3929.0
0.0
0.0
1690.0
2222.0
2321.0
-8232.0
184.0
4015.0
0.0
0.0
2885.0
-1264.0
-97.0
-1159.0
947.0
-6376.0
0.0
0.0
954.0
-5378.0
-532.0
-2181.0
-2709.0
-1501.0
0.0
0.0
-3169.0
4847.0
-1187.0
-4186.0
5720.0
5317.0
0.0
0.0
-1315.0
-3388.0
22.0
-1426.0
6423.0
-2460.0
0.0
0.0
639.0
3801.0
2979.0
-3580.0
-2204.0
-5219.0
0.0
0.0
-4279.0
-2623.0
-3239.0
-4303.0
5172.0
2978.0
0.0
0.0
-5068.0
-616.0
1.0
-3501.0
-426.0
974.0
0.0
0.0
517.0
-892.0
959.0
689.0
7003.0
-2107.0
0.0
0.0
-1315.0
-2267.0
4307.0
-6624.0
-2532.0
454.0
0.0
0.0
438.0
-967.0
5138.0
754.0
-2138.0
-2114.0
0.0
0.0
-6641.0
-1889.0
-884.0
-3348.0
-3502.0
2028.0
0.0
0.0
-5687.0
-6111.0
3963.0
-2658.0
-2016.0
-1712.0
0.0
0.0
-572.0
3072.0
781.0
-1101.0
-752.0
1111.0
0.0
0.0
2992.0
-836.0
5358.0
-4590.0
-89.0
4711.0
0.0
0.0
-628.0
1258.0
-1292.0
-1482.0
1599.0
-216.0
0.0
0.0
-3367.0
-3149.0
4719.0
3880.0
2432.0
-4072.0
0.0
0.0
-3227.0
-5392.0
-5087.0
144.0
-3825.0
946.0
0.0
0.0
4155.0
4955.0
-1625.0
-3736.0
999.0
3690.0
0.0
0.0
-2529.0
5123.0
142.0
-4495.0
1210.0
-5159.0
0.0
0.0
2075.0
5436.0
-2744.0
2181.0
-1116.0
418.0
0.0
0.0
-8482.0
-2847.0
118.0
-4348.0
4639.0
-134.0
0.0
0.0
5168.0
-4036.0
1657.0
307.0
10053.0
4851.0
0.0
0.0
2418.0
4106.0
2695.0
3654.0
-1823.0
-1373.0
0.0
0.0
-3482.0
1725.0
-559.0
-229.0
478.0
4818.0
0.0
0.0
-7747.0
-3635.0
1920.0
-5865.0
6992.0
-2872.0
0.0
0.0
-392.0
6270.0
3268.0
580.0
4171.0
-327.0
0.0
0.0
170.0
342.0
-4267.0
-1028.0
512.0
4592.0
0.0
0.0
-6349.0
-662.0
-4466.0
-956.0
-3440.0
3017.0
0.0
0.0
-288.0
2763.0
4117.0
-2761.0
-1288.0
-4487.0
0.0
0.0
-8643.0
2749.0
6807.0
-4770.0
7399.0
-1119.0
0.0
0.0
-4304.0
-1876.0
-2888.0
-6020.0
3250.0
2060.0
0.0
0.0
-4875.0
2089.0
-1072.0
-1108.0
182.0
-4499.0
0.0
0.0
-2532.0
-2974.0
-575.0
-1218.0
-4033.0
-5742.0
0.0
0.0
-7669.0
-319.0
1292.0
-1417.0
-735.0
2399.0
0.0
0.0
-4308.0
5619.0
3717.0
-8436.0
8658.0
4311.0
0.0
0.0
357.0
3822.0
650.0
-3631.0
5763.0
3294.0
0.0
0.0
229.0
-1480.0
-3104.0
971.0
-2615.0
964.0
0.0
0.0
-3985.0
1139.0
-3267.0
3193.0
2381.0
5440.0
0.0
0.0
-3154.0
-822.0
199.0
-6316.0
4678.0
-830.0
0.0
0.0
2714.0
941.0
109.0
-6984.0
1276.0
3522.0
0.0
0.0
-3055.0
-423.0
-4024.0
3165.0
3787.0
-19.0
0.0
0.0
-813.0
-990.0
757.0
-2945.0
121.0
-1009.0
0.0
0.0
6057.0
947.0
-1946.0
6017.0
4142.0
-743.0
0.0
0.0
1591.0
2700.0
-2099.0
181.0
1966.0
3545.0
0.0
0.0
-168.0
-787.0
-334.0
301.0
-3411.0
-4909.0
0.0
0.0
4271.0
-4027.0
-3566.0
2676.0
-1691.0
3138.0
0.0
0.0
3778.0
-359.0
-7838.0
4063.0
-939.0
-1497.0
0.0
0.0
3274.0
-219.0
2261.0
-3804.0
-502.0
-3493.0
0.0
0.0
3756.0
2087.0
-4493.0
3804.0
-7899.0
368.0
0.0
0.0
7003.0
-4636.0
-5053.0
687.0
-3498.0
3425.0
0.0
0.0
6803.0
6021.0
-4431.0
5795.0
-4216.0
3524.0
0.0
0.0
461.0
-2825.0
-2701.0
6730.0
-1699.0
1800.0
0.0
0.0
3171.0
3170.0
2994.0
4042.0
-2517.0
1567.0
0.0
0.0
5225.0
3826.0
-381.0
3682.0
1448.0
2432.0
0.0
0.0
4929.0
4415.0
2781.0
2225.0
1209.0
-3607.0
0.0
0.0
-1420.0
3393.0
-1767.0
-331.0
5730.0
-1204.0
0.0
0.0
-1345.0
2462.0
-89.0
-1432.0
4262.0
144.0
0.0
0.0
-3622.0
-2783.0
3433.0
7340.0
-1138.0
780.0
0.0
0.0
3839.0
-1979.0
-432.0
944.0
1089.0
-910.0
0.0
0.0
-663.0
-1729.0
-1627.0
-5062.0
1148.0
-1837.0
0.0
0.0
-4602.0
4976.0
5027.0
-2663.0
6616.0
-1737.0
0.0
0.0
-5421.0
-2728.0
6782.0
-3738.0
4631.0
1625.0
0.0
0.0
1496.0
6059.0
2015.0
5044.0
-4435.0
-4679.0
0.0
0.0
-3845.0
4321.0
-2268.0
4014.0
-1208.0
-812.0
0.0
0.0
-2551.0
483.0
-3569.0
2636.0
3266.0
3778.0
0.0
0.0
2595.0
-1494.0
1709.0
-3649.0
2319.0
-334.0
0.0
0.0
-250.0
3429.0
-1927.0
-6832.0
-1654.0
4526.0
0.0
0.0
-4417.0
1778.0
5860.0
598.0
705.0
2660.0
0.0
0.0
1163.0
-2396.0
-4688.0
4946.0
-1396.0
-3374.0
0.0
0.0
-6692.0
4063.0
2229.0
-1586.0
908.0
2887.0
0.0
0.0
2536.0
-1999.0
-3164.0
892.0
6741.0
-80.0
0.0
0.0
-2519.0
-4480.0
1485.0
-944.0
460.0
-4706.0
0.0
0.0
1114.0
3106.0
4430.0
-8325.0
92.0
1878.0
0.0
0.0
3767.0
691.0
-200.0
-1722.0
996.0
813.0
0.0
0.0
-3045.0
-3757.0
-3061.0
-1666.0
-1246.0
1100.0
0.0
0.0
-3573.0
-2604.0
-2921.0
-3898.0
7276.0
-1376.0
0.0
0.0
-6881.0
428.0
111.0
-2513.0
2828.0
93.0
0.0
0.0
-1799.0
-470.0
-94.0
-423.0
2995.0
217.0
0.0
0.0
-2770.0
47.0
-2261.0
649.0
1182.0
249.0
0.0
0.0
-973.0
-1387.0
2766.0
-1259.0
161.0
1192.0
0.0
0.0
-8534.0
-6339.0
-417.0
-1474.0
2331.0
-883.0
0.0
0.0
1264.0
-3166.0
4406.0
-4931.0
5672.0
-2835.0
0.0
0.0
305.0
6581.0
4430.0
-3192.0
-4533.0
4046.0
0.0
0.0
2348.0
3609.0
-2451.0
5336.0
1540.0
7334.0
0.0
0.0
-2621.0
-684.0
-2243.0
4118.0
412.0
1473.0
0.0
0.0
-438.0
-310.0
975.0
1219.0
-3855.0
3241.0
0.0
0.0
287.0
-78.0
-5838.0
1113.0
-2805.0
1988.0
0.0
0.0
2662.0
1145.0
-774.0
2975.0
76.0
1400.0
0.0
0.0
-486.0
881.0
-1101.0
1915.0
-2281.0
3677.0
0.0
0.0
2560.0
-1293.0
4370.0
-654.0
-2906.0
-1068.0
0.0
0.0
3305.0
-2114.0
4396.0
-865.0
-7042.0
2831.0
0.0
0.0
-79.0
-1291.0
-277.0
5385.0
-3065.0
966.0
0.0
0.0
5494.0
4895.0
3451.0
-7121.0
-2809.0
-4111.0
0.0
0.0
10667.0
1237.0
6555.0
-1764.0
-3798.0
-5230.0
0.0
0.0
4229.0
2636.0
2531.0
-5273.0
679.0
1761.0
0.0
0.0
-421.0
715.0
5664.0
-1673.0
180.0
-541.0
0.0
0.0
3742.0
2639.0
1800.0
4232.0
-2094.0
2709.0
0.0
0.0
-4613.0
-4778.0
-2097.0
2331.0
894.0
-8612.0
0.0
0.0
582.0
1509.0
-1774.0
4999.0
-1395.0
-9687.0
0.0
0.0
7710.0
-762.0
-3765.0
2201.0
-1092.0
-3499.0
0.0
0.0
7446.0
-7303.0
-3167.0
-2953.0
-4661.0
-1151.0
0.0
0.0
1633.0
-5500.0
4959.0
2691.0
-263.0
-5247.0
0.0
0.0
-1746.0
-2372.0
534.0
5610.0
-3135.0
1961.0
0.0
0.0
-2819.0
-540.0
-5668.0
324.0
-5325.0
-739.0
0.0
0.0
1274.0
1079.0
-5592.0
1809.0
-4239.0
-5706.0
0.0
0.0
-7678.0
-2266.0
1951.0
3830.0
2668.0
-765.0
0.0
0.0
-4582.0
-2698.0
-1.0
5686.0
264.0
561.0
0.0
0.0
-774.0
-4136.0
-7315.0
3306.0
-3515.0
-6360.0
0.0
0.0
-5105.0
2136.0
-5210.0
1062.0
-2490.0
4575.0
0.0
0.0
-6080.0
338.0
-42.0
5889.0
-635.0
1098.0
0.0
0.0
-1357.0
2109.0
572.0
-75.0
3959.0
-653.0
0.0
0.0
-2777.0
91.0
-564.0
2045.0
4573.0
-886.0
0.0
0.0
-5335.0
6321.0
-1519.0
-2077.0
2217.0
-1786.0
0.0
0.0
-196.0
-269.0
5067.0
1517.0
1551.0
5018.0
0.0
0.0
-3060.0
2173.0
3910.0
683.0
-2793.0
1567.0
0.0
0.0
2195.0
398.0
2934.0
879.0
2232.0
5063.0
0.0
0.0
2849.0
1678.0
-5154.0
-4624.0
2725.0
4702.0
0.0
0.0
-3089.0
5926.0
3115.0
-4039.0
-2550.0
2190.0
0.0
0.0
-2173.0
-2489.0
4265.0
4566.0
2034.0
76.0
0.0
0.0
1079.0
632.0
416.0
-4572.0
-4323.0
-5197.0
0.0
0.0
1038.0
755.0
2847.0
-1833.0
984.0
-383.0
0.0
0.0
-74.0
-2814.0
1514.0
-4744.0
-269.0
4405.0
0.0
0.0
346.0
-1535.0
-2827.0
1347.0
537.0
-39.0
0.0
0.0
-3863.0
-1336.0
5163.0
5815.0
-3241.0
-4471.0
0.0
0.0
4619.0
1572.0
160.0
-2563.0
847.0
-368.0
0.0
0.0
-1964.0
1679.0
-1543.0
703.0
-3797.0
-1336.0
0.0
0.0
3242.0
-2594.0
956.0
5490.0
427.0
5007.0
0.0
0.0
-5794.0
-891.0
1543.0
808.0
-2615.0
4526.0
0.0
0.0
-354.0
-3663.0
-2909.0
3811.0
886.0
2378.0
0.0
0.0
-2091.0
4151.0
2358.0
4643.0
-992.0
3091.0
0.0
0.0
1557.0
116.0
-459.0
8743.0
-2100.0
1518.0
0.0
0.0
2555.0
-3135.0
1333.0
2883.0
-6184.0
7949.0
0.0
0.0
6429.0
-5656.0
1998.0
-3217.0
-3291.0
-511.0
0.0
0.0
3113.0
5007.0
-5146.0
2459.0
-1893.0
-1425.0
0.0
0.0
4149.0
-38.0
2554.0
1553.0
2022.0
-1602.0
0.0
0.0
8555.0
-3310.0
2933.0
-1082.0
862.0
-5246.0
0.0
0.0
4166.0
-783.0
6184.0
-163.0
-4041.0
-833.0
0.0
0.0
877.0
4120.0
-4211.0
2396.0
3097.0
-2789.0
0.0
0.0
-133.0
-3400.0
-417.0
6671.0
-510.0
-4709.0
0.0
0.0
5700.0
-5275.0
-4010.0
8228.0
-8491.0
-6911.0
0.0
0.0
3765.0
-5609.0
191.0
3643.0
-773.0
-1828.0
0.0
0.0
753.0
-3799.0
929.0
2877.0
1061.0
-2618.0
0.0
0.0
4837.0
-355.0
-2395.0
-1656.0
-2975.0
-1415.0
0.0
0.0
1618.0
-2464.0
-2083.0
3411.0
1484.0
-1018.0
0.0
0.0
2595.0
3407.0
5987.0
3462.0
-4554.0
-2579.0
0.0
0.0
546.0
1990.0
-2893.0
-2412.0
-811.0
3949.0
0.0
0.0
-3406.0
180.0
-1122.0
6629.0
-1252.0
-544.0
0.0
0.0
1034.0
-309.0
-103.0
2893.0
2323.0
-704.0
0.0
0.0
-1123.0
-149.0
-5745.0
9.0
-1998.0
504.0
0.0
0.0
1647.0
1914.0
1708.0
-4493.0
-6067.0
1430.0
0.0
0.0
-3432.0
7325.0
1903.0
-2878.0
133.0
152.0
0.0
0.0
-5594.0
7292.0
1416.0
3383.0
-2410.0
1889.0
0.0
0.0
1680.0
1494.0
-1392.0
2931.0
7730.0
4920.0
0.0
0.0
4039.0
-6326.0
-4243.0
1293.0
-608.0
1274.0
0.0
0.0
3309.0
2288.0
-437.0
-1717.0
-3543.0
581.0
0.0
0.0
-6056.0
-981.0
1639.0
1356.0
2809.0
-427.0
0.0
0.0
-1867.0
2174.0
-891.0
-4425.0
832.0
3445.0
0.0
0.0
1214.0
927.0
-6129.0
1184.0
9059.0
-335.0
0.0
0.0
-2736.0
2497.0
-5762.0
688.0
-6211.0
-4545.0
0.0
0.0
-849.0
-3749.0
3960.0
2332.0
2877.0
2598.0
0.0
0.0
-8061.0
-1959.0
7811.0
-4346.0
6594.0
-3506.0
0.0
0.0
-833.0
3754.0
3030.0
-5787.0
4545.0
848.0
0.0
0.0
2493.0
-3134.0
-5311.0
1301.0
2358.0
-4580.0
0.0
0.0
-2868.0
2189.0
322.0
2515.0
-2733.0
-1082.0
0.0
0.0
-1251.0
-1404.0
1075.0
-5122.0
2346.0
7754.0
0.0
0.0
-3446.0
58.0
-2534.0
-6507.0
7803.0
323.0
0.0
0.0
-1408.0
1783.0
5542.0
-3365.0
1165.0
3148.0
0.0
0.0
1817.0
-4846.0
-3615.0
2969.0
2927.0
1108.0
0.0
0.0
1507.0
-493.0
585.0
2150.0
2604.0
-3072.0
0.0
0.0
156.0
-3969.0
-1584.0
-2227.0
1279.0
-3941.0
0.0
0.0
-564.0
-132.0
-2626.0
-1205.0
-2035.0
399.0
0.0
0.0
-558.0
-235.0
-1036.0
5888.0
478.0
-4468.0
0.0
0.0
-1365.0
5631.0
1315.0
2226.0
612.0
-3863.0
0.0
0.0
3823.0
2697.0
-1060.0
1646.0
281.0
-227.0
0.0
0.0
566.0
2834.0
-959.0
2097.0
4175.0
-700.0
0.0
0.0
4488.0
-1193.0
3196.0
4190.0
4172.0
2342.0
0.0
0.0
1328.0
3689.0
-201.0
-2759.0
4524.0
-2221.0
0.0
0.0
-2079.0
2580.0
3008.0
-2170.0
-1162.0
-467.0
0.0
0.0
-2917.0
-1969.0
4676.0
-5009.0
-723.0
2201.0
0.0
0.0
2936.0
-738.0
-7049.0
380.0
-3062.0
208.0
0.0
0.0
2418.0
-3266.0
-1077.0
-265.0
5873.0
2619.0
0.0
0.0
-2862.0
-500.0
-3395.0
2026.0
1725.0
-6367.0
0.0
0.0
-2484.0
-1356.0
3813.0
2638.0
-1.0
6386.0
0.0
0.0
-4375.0
5115.0
-1328.0
-2666.0
-160.0
6655.0
0.0
0.0
-6444.0
2204.0
4105.0
231.0
-24.0
-735.0
0.0
0.0
-3489.0
1023.0
1474.0
508.0
2687.0
3542.0
0.0
0.0
1428.0
1590.0
1070.0
8868.0
-4376.0
-2067.0
0.0
0.0
1975.0
-950.0
-266.0
-3639.0
-3237.0
-1131.0
0.0
0.0
-2237.0
249.0
-2180.0
-2354.0
1012.0
1935.0
0.0
0.0
-4576.0
-309.0
319.0
-4518.0
-170.0
3355.0
0.0
0.0
-3032.0
2943.0
-1700.0
6892.0
-1974.0
5164.0
0.0
0.0
3685.0
3114.0
-3038.0
9420.0
1655.0
2993.0
0.0
0.0
-1626.0
-8794.0
4845.0
-1313.0
2074.0
-631.0
0.0
0.0
2299.0
-5585.0
705.0
-5767.0
-2980.0
-4486.0
0.0
0.0
4657.0
-236.0
673.0
-6508.0
-1039.0
-3356.0
0.0
0.0
1186.0
834.0
4214.0
3397.0
3237.0
-372.0
0.0
0.0
2255.0
367.0
6611.0
-3237.0
-1866.0
-1168.0
0.0
0.0
3350.0
-6489.0
-5470.0
1918.0
2038.0
-7657.0
0.0
0.0
502.0
-2275.0
-3793.0
1052.0
-4119.0
-1481.0
0.0
0.0
5960.0
-150.0
-1120.0
4123.0
-1499.0
880.0
0.0
0.0
-1423.0
-3890.0
3312.0
5768.0
-2188.0
-4353.0
0.0
0.0
5887.0
-6324.0
-2536.0
3835.0
3306.0
-782.0
0.0
0.0
116.0
-3076.0
-5925.0
-387.0
3691.0
-4866.0
0.0
0.0
-3106.0
3008.0
754.0
-1323.0
5381.0
1319.0
0.0
0.0
127.0
-4080.0
2109.0
5395.0
7163.0
3913.0
0.0
0.0
4111.0
1150.0
-4627.0
5545.0
3335.0
-1108.0
0.0
0.0
292.0
3529.0
-2147.0
-3508.0
1011.0
-5286.0
0.0
0.0
-3248.0
-3903.0
-5383.0
989.0
-4538.0
-2427.0
0.0
0.0
2467.0
-4765.0
3391.0
2710.0
2631.0
-86.0
0.0
0.0
3104.0
113.0
5517.0
-4752.0
-695.0
-3746.0
0.0
0.0
4917.0
2002.0
-808.0
130.0
1712.0
-4515.0
0.0
0.0
3946.0
6279.0
-1248.0
187.0
2846.0
-1867.0
0.0
0.0
-3224.0
-6966.0
6520.0
348.0
1008.0
1767.0
0.0
0.0
-501.0
3859.0
4391.0
-4402.0
6074.0
5228.0
0.0
0.0
4216.0
1714.0
-2460.0
-5204.0
6408.0
-562.0
0.0
0.0
5855.0
212.0
-3704.0
-241.0
-1964.0
-1053.0
0.0
0.0
1760.0
-2043.0
-5058.0
1210.0
-5968.0
1198.0
0.0
0.0
601.0
-3126.0
3327.0
-2024.0
-4117.0
1899.0
0.0
0.0
2582.0
-2402.0
-1393.0
-7353.0
-2290.0
2748.0
0.0
0.0
-4752.0
-2453.0
-4568.0
-396.0
742.0
3208.0
0.0
0.0
402.0
1756.0
-1533.0
-6239.0
1408.0
1958.0
0.0
0.0
-3808.0
-3240.0
6380.0
-3120.0
4945.0
-812.0
0.0
0.0
1023.0
155.0
1924.0
1538.0
2185.0
-661.0
0.0
0.0
-5300.0
6384.0
-4200.0
3753.0
-1995.0
-802.0
0.0
0.0
2157.0
-3305.0
-6690.0
3138.0
3113.0
2646.0
0.0
0.0
-1223.0
-2982.0
-3749.0
1371.0
90.0
-2762.0
0.0
0.0
-5581.0
-866.0
-19.0
1568.0
161.0
-1389.0
0.0
0.0
5823.0
4242.0
-4472.0
-2059.0
-3173.0
2118.0
0.0
0.0
-876.0
1819.0
-236.0
-1127.0
-3156.0
3912.0
0.0
0.0
-4558.0
2260.0
763.0
7077.0
-4802.0
-1439.0
0.0
0.0
1044.0
-3091.0
-2592.0
2018.0
-4830.0
6514.0
0.0
0.0
-7142.0
-5239.0
2492.0
5065.0
-6849.0
-1406.0
0.0
0.0
1494.0
-342.0
3481.0
4563.0
-606.0
1378.0
0.0
0.0
306.0
1913.0
1467.0
3966.0
-3847.0
968.0
0.0
0.0
1242.0
1449.0
4099.0
1644.0
-39.0
4360.0
0.0
0.0
1453.0
-3085.0
-719.0
5683.0
-2114.0
-1674.0
0.0
0.0
-3001.0
2835.0
2139.0
3729.0
-786.0
3101.0
0.0
0.0
-103.0
4450.0
-2620.0
4757.0
-5171.0
-2024.0
0.0
0.0
4036.0
859.0
-2551.0
-1923.0
-3332.0
-5056.0
0.0
0.0
3036.0
-6250.0
-2794.0
-505.0
4147.0
-6007.0
0.0
0.0
2288.0
1523.0
-69.0
-4702.0
4040.0
3461.0
0.0
0.0
544.0
2463.0
7255.0
1326.0
-722.0
-865.0
0.0
0.0
-1155.0
234.0
-4201.0
-1020.0
-2516.0
-4259.0
0.0
0.0
7734.0
-351.0
-3438.0
-964.0
-1939.0
-3185.0
0.0
0.0
618.0
404.0
-1088.0
3245.0
-87.0
1490.0
0.0
0.0
2736.0
-477.0
-4475.0
1941.0
-2867.0
-1641.0
0.0
0.0
-5248.0
4068.0
-420.0
-1996.0
-741.0
6866.0
0.0
0.0
-1519.0
4801.0
2314.0
-512.0
-1250.0
2066.0
0.0
0.0
-2242.0
2166.0
-4907.0
6056.0
-3764.0
2620.0
0.0
0.0
3539.0
3610.0
4738.0
2869.0
-2954.0
-1105.0
0.0
0.0
2216.0
96.0
1164.0
4714.0
-1291.0
5027.0
0.0
0.0
-835.0
-3438.0
4504.0
3555.0
-2116.0
-1982.0
0.0
0.0
952.0
351.0
-89.0
4828.0
1252.0
650.0
0.0
0.0
2331.0
1172.0
4205.0
2850.0
1249.0
5999.0
0.0
0.0
1872.0
718.0
-1337.0
3448.0
-1293.0
1207.0
0.0
0.0
2583.0
1237.0
5706.0
1408.0
2451.0
1792.0
0.0
0.0
6255.0
491.0
1726.0
1975.0
6221.0
6671.0
0.0
0.0
2975.0
1800.0
4612.0
2865.0
4753.0
-2382.0
0.0
0.0
657.0
-1981.0
-1289.0
-139.0
-1183.0
-4043.0
0.0
0.0
8315.0
-2502.0
-2489.0
3196.0
-1976.0
569.0
0.0
0.0
2944.0
3345.0
-2446.0
2138.0
-4380.0
-2923.0
0.0
0.0
7032.0
-2010.0
-5652.0
-3030.0
-541.0
-6477.0
0.0
0.0
461.0
-1234.0
-6290.0
1157.0
-4606.0
-2329.0
0.0
0.0
4875.0
1731.0
949.0
9546.0
-534.0
-5265.0
0.0
0.0
1066.0
2430.0
-1389.0
3282.0
-3760.0
250.0
0.0
0.0
-1870.0
1099.0
-2935.0
639.0
-8010.0
-5936.0
0.0
0.0
813.0
-5725.0
-3485.0
-807.0
-1712.0
1233.0
0.0
0.0
-3138.0
-237.0
3447.0
-5661.0
5923.0
2009.0
0.0
0.0
-306.0
-1294.0
3234.0
2617.0
1502.0
1975.0
0.0
0.0
2681.0
2766.0
25.0
6433.0
-3224.0
5949.0
0.0
0.0
-2249.0
1894.0
-2678.0
1175.0
-4989.0
5230.0
0.0
0.0
3666.0
-248.0
-3195.0
-2087.0
-114.0
2346.0
0.0
0.0
-2872.0
2775.0
-2358.0
1957.0
116.0
2883.0
0.0
0.0
-757.0
7336.0
3037.0
-3086.0
-529.0
78.0
0.0
0.0
-2539.0
2325.0
698.0
79.0
-9714.0
-239.0
0.0
0.0
1505.0
-232.0
4183.0
2726.0
-4953.0
4333.0
0.0
0.0
984.0
2274.0
708.0
4917.0
-5859.0
1253.0
0.0
0.0
2252.0
-3537.0
-781.0
-2092.0
-2298.0
-3872.0
0.0
0.0
4348.0
1627.0
2664.0
868.0
-826.0
-1089.0
0.0
0.0
1545.0
-82.0
-589.0
-1574.0
-4488.0
1842.0
0.0
0.0
2537.0
4971.0
-5160.0
4974.0
621.0
5278.0
0.0
0.0
1418.0
-2067.0
-893.0
4478.0
54.0
-1435.0
0.0
0.0
-1639.0
-1253.0
697.0
2362.0
3616.0
-6403.0
0.0
0.0
4380.0
-2504.0
-277.0
375.0
-4071.0
-1885.0
0.0
0.0
2165.0
-4274.0
150.0
7359.0
-5989.0
-647.0
0.0
0.0
506.0
-2975.0
1262.0
-646.0
-4607.0
2177.0
0.0
0.0
-631.0
-5980.0
4502.0
1485.0
-1405.0
-3154.0
0.0
0.0
1055.0
1475.0
-3264.0
-1361.0
-848.0
4520.0
0.0
0.0
-750.0
1449.0
-6813.0
-1162.0
-235.0
-1102.0
0.0
0.0
2744.0
-1937.0
-1515.0
2819.0
-1936.0
-332.0
0.0
0.0
3534.0
2039.0
1317.0
2353.0
1080.0
-4946.0
0.0
0.0
2812.0
-1985.0
3083.0
-110.0
19.0
-2155.0
0.0
0.0
3264.0
2874.0
-1847.0
-687.0
1332.0
4313.0
0.0
0.0
-2647.0
5419.0
-528.0
1424.0
1182.0
1213.0
0.0
0.0
-1892.0
-2479.0
1104.0
810.0
-787.0
-2270.0
0.0
0.0
5252.0
631.0
4711.0
-2085.0
5059.0
5660.0
0.0
0.0
-1677.0
-4771.0
5059.0
-907.0
5207.0
-773.0
0.0
0.0
4087.0
-5957.0
-1765.0
4038.0
-7338.0
2592.0
0.0
0.0
2123.0
2275.0
-108.0
1454.0
1372.0
-4274.0
0.0
0.0
-2005.0
-1970.0
1522.0
-4474.0
3849.0
2631.0
0.0
0.0
2921.0
-6549.0
6004.0
3739.0
6278.0
2902.0
0.0
0.0
64.0
-2167.0
2273.0
-798.0
-1714.0
2521.0
0.0
0.0
-818.0
-27.0
-5255.0
-4063.0
-3496.0
-495.0
0.0
0.0
5723.0
-5085.0
-431.0
-1497.0
-3173.0
5486.0
0.0
0.0
6171.0
-2092.0
5285.0
125.0
65.0
510.0
0.0
0.0
4132.0
-7299.0
1544.0
-8117.0
-350.0
-4039.0
0.0
0.0
4.0
-417.0
-3999.0
-9898.0
1185.0
-6296.0
0.0
0.0
7396.0
-2585.0
1102.0
3580.0
94.0
4748.0
0.0
0.0
3893.0
-896.0
-2540.0
1500.0
615.0
453.0
0.0
0.0
500.0
-5778.0
3027.0
814.0
-4798.0
-5822.0
0.0
0.0
2974.0
347.0
647.0
1107.0
-5090.0
-83.0
0.0
0.0
-906.0
-1798.0
-5312.0
-4424.0
473.0
-3278.0
0.0
0.0
5557.0
2901.0
2134.0
8017.0
-1222.0
-3213.0
0.0
0.0
428.0
3035.0
-1263.0
6387.0
1460.0
268.0
0.0
0.0
5655.0
1847.0
-2510.0
6019.0
-5298.0
2744.0
0.0
0.0
1790.0
-1094.0
2059.0
8707.0
-6075.0
253.0
0.0
0.0
-4043.0
-2081.0
-4160.0
4708.0
-2532.0
-541.0
0.0
0.0
