3999.0
3998.0
7976.0
2490.0
-3441.0
149.0
-5320.0
-7370.0
4185.0
-4769.0
-7038.0
-4585.0
3346.0
-12.0
-841.0
4268.0
3850.0
-5156.0
-1850.0
2274.0
-1335.0
-968.0
536.0
-5484.0
5776.0
1688.0
-6902.0
1343.0
-3788.0
1174.0
-3098.0
4297.0
-6486.0
5996.0
-7437.0
-572.0
-1954.0
2710.0
4949.0
-3563.0
-1928.0
606.0
2996.0
-6851.0
-866.0
-1341.0
-3254.0
-2967.0
-589.0
-2213.0
517.0
-630.0
-2259.0
1277.0
168.0
-2645.0
-662.0
-1071.0
-124.0
-3716.0
-7402.0
393.0
4397.0
-704.0
1693.0
-1092.0
-2561.0
-4515.0
264.0
-998.0
-70.0
2420.0
-2213.0
3032.0
-1713.0
-545.0
-1333.0
-6177.0
4187.0
-1301.0
7168.0
-602.0
-1498.0
-6282.0
-703.0
-2518.0
3849.0
5151.0
767.0
-922.0
-3755.0
987.0
1414.0
-8077.0
-868.0
-179.0
-3388.0
-647.0
1931.0
-816.0
-2926.0
532.0
-5553.0
-316.0
4599.0
644.0
5825.0
-658.0
5782.0
-1310.0
454.0
-6898.0
2400.0
1267.0
5426.0
1604.0
515.0
2986.0
2121.0
5105.0
1665.0
-3506.0
2791.0
-85.0
-3427.0
6529.0
-1008.0
1371.0
-2665.0
-4038.0
-5551.0
-1482.0
2966.0
283.0
-3961.0
-6413.0
-3391.0
2060.0
-482.0
2988.0
2615.0
1036.0
4763.0
-719.0
-1901.0
3435.0
1597.0
216.0
979.0
-2629.0
-2879.0
-1142.0
1083.0
-2787.0
-3763.0
393.0
1245.0
4995.0
386.0
3346.0
253.0
6114.0
-1752.0
-774.0
-3582.0
293.0
-1033.0
6431.0
832.0
-5065.0
-3595.0
143.0
-1816.0
1861.0
-267.0
-4184.0
-6935.0
-5535.0
-771.0
-1520.0
2395.0
3134.0
3219.0
-1820.0
5089.0
-8440.0
-4446.0
-3013.0
-1676.0
601.0
-8715.0
5197.0
1215.0
-171.0
-4997.0
5019.0
1145.0
-5268.0
-809.0
4070.0
-3189.0
-250.0
1134.0
4032.0
-101.0
-4337.0
178.0
-2149.0
-2869.0
3884.0
-636.0
6275.0
2632.0
-732.0
-823.0
5410.0
-5219.0
1507.0
-108.0
3901.0
-3245.0
410.0
792.0
2539.0
-3591.0
2350.0
-573.0
2819.0
-1319.0
2441.0
358.0
-2663.0
-684.0
1799.0
1954.0
-5353.0
-903.0
2294.0
6183.0
-2167.0
-70.0
-2269.0
-5632.0
-4261.0
1875.0
1085.0
696.0
4691.0
2301.0
625.0
2103.0
-4605.0
-5543.0
5596.0
-248.0
-1756.0
-753.0
2653.0
-3537.0
-3057.0
-4646.0
-88.0
-1730.0
-2289.0
108.0
-3407.0
3508.0
753.0
-4062.0
4590.0
-2999.0
228.0
-1021.0
-2819.0
-1669.0
-3331.0
-7526.0
-936.0
-7157.0
248.0
3637.0
-6863.0
-3629.0
5410.0
1578.0
3837.0
-3085.0
1458.0
365.0
-1278.0
1447.0
-890.0
2896.0
-178.0
5502.0
-1196.0
710.0
1755.0
-5038.0
884.0
-1160.0
-2178.0
-7753.0
3503.0
-1696.0
2678.0
1296.0
4355.0
-4460.0
-860.0
-2412.0
-7489.0
-326.0
1802.0
-383.0
-1590.0
4394.0
1712.0
-3959.0
-1459.0
1466.0
-88.0
-3084.0
822.0
5416.0
-3002.0
-3370.0
1265.0
2572.0
-1425.0
-892.0
-2109.0
-4115.0
-490.0
4451.0
-8730.0
4281.0
-3100.0
3868.0
-3530.0
-4614.0
4718.0
3461.0
-1889.0
-54.0
-7361.0
-4223.0
-601.0
-2.0
1029.0
4472.0
-80.0
384.0
1943.0
-7295.0
3786.0
-3295.0
-9550.0
-1379.0
1163.0
-8025.0
-2588.0
-3386.0
-2927.0
3501.0
-2552.0
1795.0
6943.0
3303.0
-1524.0
-244.0
3288.0
-3181.0
2360.0
-1633.0
377.0
792.0
1178.0
224.0
-1151.0
5490.0
-1463.0
127.0
2262.0
3658.0
-3641.0
-776.0
2996.0
-376.0
-2281.0
-7200.0
174.0
3795.0
-4163.0
1975.0
-1172.0
3996.0
898.0
-2220.0
2486.0
-4639.0
-3841.0
212.0
-2072.0
1499.0
3858.0
2285.0
-636.0
6333.0
518.0
1901.0
3079.0
5017.0
3906.0
891.0
4489.0
2693.0
-2429.0
-3629.0
752.0
-1805.0
-8835.0
-2206.0
-2758.0
-5957.0
2061.0
1457.0
3775.0
-346.0
-3401.0
1261.0
1524.0
818.0
-2077.0
4614.0
1666.0
3945.0
-3517.0
-3428.0
2290.0
-915.0
-6924.0
-5866.0
1958.0
2378.0
967.0
4256.0
1517.0
-1011.0
-4452.0
-2618.0
-3905.0
1087.0
4996.0
-2438.0
1264.0
-1983.0
-3068.0
-661.0
-441.0
4096.0
459.0
-1363.0
-887.0
2053.0
-5246.0
-4469.0
-1596.0
463.0
-4436.0
835.0
-3483.0
2156.0
-424.0
-4889.0
-1622.0
-3975.0
-5249.0
-4970.0
125.0
-3920.0
2045.0
-301.0
1329.0
219.0
-496.0
-910.0
4805.0
-6371.0
2037.0
3825.0
-5928.0
-2837.0
1919.0
894.0
-1790.0
1156.0
1632.0
-96.0
-2607.0
6956.0
1384.0
-2984.0
488.0
-2122.0
793.0
-3291.0
-2016.0
1115.0
506.0
-294.0
-1353.0
6005.0
2979.0
5336.0
3424.0
651.0
-4026.0
-6217.0
5279.0
-434.0
-4287.0
1005.0
6275.0
1312.0
4180.0
8281.0
763.0
961.0
588.0
2584.0
536.0
4416.0
336.0
-1535.0
6610.0
-2526.0
915.0
2379.0
7338.0
220.0
-2701.0
-2010.0
-661.0
-4944.0
2766.0
3548.0
-4322.0
3195.0
-1834.0
-3549.0
455.0
8543.0
-4433.0
-1580.0
-1275.0
2776.0
-2105.0
88.0
-4258.0
-5952.0
-437.0
-5816.0
-209.0
2251.0
2158.0
1871.0
-2740.0
2281.0
-88.0
4089.0
-6225.0
5778.0
5540.0
1740.0
658.0
-1737.0
366.0
802.0
-897.0
-4192.0
1106.0
3272.0
-5035.0
2775.0
-5215.0
1474.0
-5140.0
1267.0
-2730.0
3602.0
2971.0
-3958.0
-81.0
-1212.0
-3748.0
-6231.0
-995.0
-498.0
2196.0
1957.0
4813.0
1762.0
-2645.0
537.0
3045.0
1132.0
6751.0
7819.0
-3181.0
286.0
8156.0
3309.0
-3496.0
2240.0
51.0
87.0
3608.0
-659.0
-1419.0
4232.0
2328.0
-1909.0
578.0
7780.0
-6632.0
-5099.0
132.0
3868.0
-6238.0
-4805.0
-1276.0
1706.0
-3852.0
3280.0
4971.0
2659.0
2328.0
3461.0
-2714.0
-2835.0
-3260.0
4915.0
5071.0
1734.0
879.0
-175.0
386.0
-770.0
3875.0
-1550.0
2024.0
-141.0
1104.0
1626.0
395.0
6243.0
5193.0
3088.0
3789.0
-3530.0
-3334.0
-1373.0
-4062.0
-553.0
-1957.0
4678.0
3219.0
-391.0
313.0
8245.0
-6138.0
-475.0
1590.0
9145.0
-1383.0
-242.0
-448.0
5020.0
-5238.0
-1019.0
-2014.0
3053.0
1034.0
-962.0
6318.0
1747.0
6638.0
-1505.0
1343.0
3889.0
-809.0
135.0
3090.0
-2234.0
-3657.0
-1826.0
-1856.0
-3391.0
1437.0
-2178.0
-1949.0
1249.0
-1744.0
-4121.0
-1777.0
-3093.0
-1723.0
-5117.0
-2046.0
-1980.0
-2003.0
6208.0
3717.0
-6195.0
-1897.0
-5491.0
-2658.0
-5835.0
-3988.0
-4207.0
-2675.0
806.0
2313.0
-6738.0
-1512.0
2422.0
-4139.0
1001.0
8873.0
75.0
-1414.0
4364.0
-2205.0
-599.0
1073.0
1534.0
-7239.0
8928.0
1622.0
7106.0
7125.0
-1062.0
-1505.0
-185.0
256.0
8593.0
1962.0
361.0
262.0
-1232.0
1194.0
-2943.0
1434.0
1569.0
-2191.0
-3927.0
-2425.0
1988.0
-114.0
739.0
-1812.0
-7670.0
-794.0
1722.0
1475.0
-4211.0
-840.0
-3025.0
-5306.0
-5158.0
-1543.0
-1002.0
6107.0
-4973.0
-150.0
-1057.0
-22.0
-1627.0
-6519.0
-2119.0
-2973.0
3908.0
-5325.0
2711.0
-1450.0
-4833.0
1124.0
-413.0
3784.0
-1480.0
4645.0
1920.0
639.0
-4764.0
-1297.0
-5374.0
-3709.0
-3166.0
7335.0
838.0
2473.0
-6407.0
-2732.0
-3697.0
187.0
-3927.0
-5475.0
-352.0
-2205.0
-2704.0
1387.0
-5982.0
2580.0
126.0
7532.0
5156.0
10.0
-2334.0
-1043.0
1571.0
-7099.0
2679.0
-44.0
-1793.0
-2096.0
-2081.0
3004.0
547.0
2069.0
-2686.0
-241.0
-676.0
2389.0
-4283.0
3674.0
1268.0
1223.0
2455.0
-6560.0
2904.0
2037.0
905.0
-1296.0
3113.0
-6174.0
4031.0
4318.0
1508.0
-990.0
-1012.0
3690.0
-2969.0
-6291.0
590.0
2625.0
-3335.0
-1612.0
1127.0
-6014.0
2549.0
-271.0
2924.0
-194.0
-1330.0
-3668.0
3717.0
763.0
-325.0
-291.0
-2558.0
256.0
-602.0
-5616.0
548.0
7422.0
-2297.0
5.0
1497.0
-669.0
1439.0
2224.0
3095.0
-2099.0
-2828.0
-2609.0
-997.0
-1971.0
3091.0
-1339.0
-762.0
3527.0
-3328.0
384.0
4443.0
3195.0
6195.0
6364.0
165.0
5210.0
127.0
212.0
-828.0
2592.0
49.0
207.0
-516.0
6924.0
-2869.0
-845.0
-4235.0
634.0
1401.0
-5461.0
-1661.0
-703.0
5267.0
4408.0
559.0
4313.0
-2229.0
-1350.0
-24.0
-2485.0
-52.0
2807.0
-7069.0
306.0
-2894.0
-2582.0
3532.0
1508.0
2001.0
3115.0
2217.0
5007.0
-4681.0
-1401.0
60.0
-1072.0
-4069.0
2898.0
1642.0
4931.0
5563.0
1350.0
-2618.0
-1131.0
-1595.0
-1209.0
4793.0
-2423.0
-2932.0
-5171.0
-2747.0
-6508.0
-40.0
-1989.0
-424.0
1290.0
-5794.0
3556.0
-6192.0
-190.0
1391.0
1274.0
-2643.0
404.0
-2034.0
-1105.0
-807.0
-1657.0
3198.0
3388.0
-1697.0
2284.0
204.0
-3094.0
-3919.0
4096.0
-633.0
3089.0
-2000.0
-706.0
-4113.0
-2988.0
-4252.0
-2467.0
-944.0
-1752.0
5410.0
4764.0
-1108.0
2416.0
-2045.0
-4316.0
8530.0
5429.0
717.0
522.0
1703.0
2668.0
9087.0
-322.0
-1443.0
2211.0
4877.0
-1063.0
343.0
2838.0
10592.0
3528.0
-695.0
-1255.0
-4943.0
-140.0
-2810.0
-2250.0
5687.0
2176.0
-1937.0
-2716.0
1718.0
-1431.0
2892.0
492.0
-2124.0
-2587.0
-153.0
-1601.0
4554.0
3475.0
-5892.0
2784.0
-2115.0
2476.0
2198.0
142.0
2084.0
-2523.0
5560.0
1734.0
-521.0
2114.0
6912.0
-1567.0
-2472.0
777.0
1712.0
-1850.0
-3869.0
745.0
-3031.0
-560.0
-83.0
-5654.0
-342.0
2532.0
-2243.0
-4184.0
6316.0
-3480.0
-2455.0
3814.0
253.0
-2151.0
-1383.0
-1710.0
-186.0
2510.0
-2509.0
3083.0
2980.0
6772.0
1846.0
1454.0
2285.0
-292.0
-2858.0
2848.0
-1412.0
2624.0
2805.0
-1472.0
3767.0
1903.0
4244.0
-321.0
797.0
3876.0
-3155.0
1482.0
5081.0
-1446.0
-3044.0
2203.0
2307.0
-773.0
1306.0
2911.0
-3351.0
-1115.0
3886.0
-4408.0
-4778.0
1466.0
2053.0
-4335.0
-4883.0
7728.0
-193.0
6872.0
309.0
10812.0
-1104.0
173.0
-1470.0
-651.0
6693.0
3307.0
-4401.0
-926.0
-4559.0
-1795.0
-736.0
-1945.0
-1039.0
2454.0
-2800.0
-7166.0
-2011.0
-2176.0
-2433.0
3602.0
6874.0
-4210.0
-1096.0
-1122.0
4537.0
2778.0
1121.0
6811.0
5844.0
-1430.0
-4118.0
4588.0
-3593.0
-275.0
-1403.0
-79.0
-7131.0
-854.0
1023.0
-360.0
299.0
1308.0
-4438.0
4641.0
-1747.0
4617.0
-120.0
7212.0
2631.0
1598.0
-1002.0
3787.0
-1796.0
1048.0
-2359.0
1152.0
-1110.0
5723.0
1581.0
-3664.0
2464.0
-5691.0
-3193.0
-5522.0
21.0
4576.0
-2333.0
6606.0
1219.0
1056.0
1206.0
2418.0
2512.0
-4197.0
6086.0
204.0
-2897.0
-156.0
-2273.0
-836.0
4041.0
109.0
4146.0
5578.0
-11.0
-2182.0
1196.0
976.0
1436.0
-882.0
17.0
3785.0
-2765.0
-7502.0
449.0
-4205.0
-5782.0
-1996.0
677.0
4134.0
-2954.0
-249.0
1164.0
1172.0
1564.0
1923.0
1119.0
5804.0
1433.0
-3227.0
3238.0
2999.0
596.0
-506.0
-3881.0
-3567.0
173.0
3804.0
-9311.0
4101.0
-1817.0
5133.0
-668.0
7530.0
-885.0
-123.0
-304.0
7436.0
-4016.0
1867.0
2088.0
-5298.0
-4687.0
-1235.0
-3030.0
-894.0
-1393.0
-1921.0
3471.0
-1868.0
1381.0
-3002.0
-5498.0
-2362.0
1963.0
-6035.0
-1845.0
999.0
6609.0
1184.0
2344.0
-7299.0
-4983.0
25.0
-6919.0
-3032.0
1188.0
3943.0
-4422.0
457.0
-5287.0
2387.0
3198.0
-377.0
-3453.0
5335.0
5946.0
765.0
1235.0
-6369.0
2673.0
-2709.0
-1488.0
4570.0
-976.0
-4232.0
-7717.0
4102.0
-1147.0
-1903.0
-505.0
-3270.0
176.0
-2558.0
-3110.0
2992.0
-1785.0
-516.0
-6863.0
3139.0
2113.0
-1335.0
-2414.0
802.0
2131.0
7523.0
-4637.0
-4028.0
1256.0
2667.0
-3098.0
532.0
2303.0
5206.0
-1655.0
-2855.0
1834.0
-3712.0
-2708.0
3228.0
1361.0
2186.0
-782.0
5878.0
-1919.0
2543.0
-1258.0
-2986.0
-1112.0
-2872.0
3988.0
901.0
-2974.0
-2229.0
4756.0
-2651.0
1073.0
4295.0
-318.0
4395.0
-3663.0
-4214.0
2675.0
908.0
-239.0
1065.0
3184.0
-1809.0
-2065.0
-6599.0
1461.0
1837.0
1188.0
-1354.0
-725.0
-898.0
1608.0
1817.0
-6042.0
1995.0
2896.0
3984.0
1732.0
2825.0
-2101.0
6422.0
-3382.0
-2967.0
1849.0
-532.0
1317.0
-2400.0
3345.0
-2313.0
-404.0
9506.0
6193.0
-1672.0
1908.0
-4644.0
-1672.0
5493.0
7304.0
4240.0
-1421.0
2966.0
-5345.0
2479.0
3983.0
688.0
-4030.0
5497.0
1910.0
2257.0
-5687.0
1130.0
83.0
4874.0
-3681.0
-1258.0
98.0
5599.0
3900.0
-7320.0
-5015.0
1986.0
6159.0
-2162.0
1127.0
6692.0
3765.0
-7208.0
6032.0
-1156.0
-5263.0
-3131.0
-135.0
-3216.0
-467.0
3198.0
-574.0
-8549.0
-1449.0
4607.0
-6903.0
-831.0
2196.0
314.0
1834.0
-1026.0
1798.0
1784.0
-4440.0
642.0
3543.0
593.0
2650.0
-4589.0
-2126.0
2777.0
-3461.0
4437.0
-1265.0
631.0
-109.0
3154.0
4099.0
-2529.0
1505.0
1451.0
1094.0
3287.0
3496.0
-1562.0
3430.0
192.0
-2407.0
-2467.0
3183.0
-6670.0
807.0
2199.0
3210.0
-2065.0
7097.0
-629.0
945.0
180.0
466.0
-2299.0
6080.0
227.0
3923.0
-831.0
2393.0
5123.0
-3100.0
-5084.0
-6473.0
-7211.0
1309.0
-2297.0
2259.0
1796.0
-429.0
1039.0
-2614.0
958.0
1375.0
-3125.0
-2165.0
-1249.0
-5435.0
2862.0
4666.0
-5196.0
3922.0
850.0
5348.0
-409.0
-1068.0
232.0
-4206.0
-1467.0
3830.0
3747.0
37.0
3060.0
-5743.0
-3438.0
-6336.0
-4088.0
-4423.0
3800.0
-4224.0
4279.0
3567.0
3193.0
1607.0
-1861.0
35.0
-146.0
1845.0
2021.0
-6106.0
-6043.0
-7591.0
5285.0
-2300.0
23.0
-4590.0
6305.0
2666.0
3243.0
1216.0
6568.0
1582.0
-2599.0
-286.0
3913.0
515.0
-4336.0
6150.0
886.0
-1844.0
-2446.0
1261.0
3155.0
-1062.0
-5766.0
3425.0
-3391.0
2317.0
-2247.0
202.0
-2373.0
-2109.0
-2293.0
-1973.0
-1017.0
2079.0
316.0
-6045.0
3216.0
1592.0
-2209.0
-363.0
-1140.0
-4610.0
5013.0
2973.0
154.0
-238.0
736.0
-3047.0
-5696.0
3408.0
-3673.0
3348.0
1355.0
-2070.0
-4102.0
2451.0
1837.0
-1494.0
2157.0
-565.0
-5542.0
3551.0
150.0
-1143.0
-1935.0
-4216.0
-837.0
-6907.0
691.0
2676.0
-2447.0
-241.0
2774.0
6178.0
1781.0
220.0
-2069.0
1583.0
2711.0
6723.0
3479.0
1386.0
-6190.0
-1499.0
-412.0
3687.0
-3810.0
-5182.0
5848.0
-692.0
-4817.0
-874.0
-555.0
-2370.0
1626.0
2316.0
4575.0
-984.0
2263.0
-141.0
-5251.0
-2573.0
-1975.0
3650.0
-493.0
1791.0
-1709.0
-2075.0
-2962.0
2467.0
-2865.0
-3454.0
5962.0
1954.0
3570.0
910.0
2240.0
3760.0
1864.0
4252.0
598.0
-2571.0
1251.0
-3627.0
-2103.0
3989.0
-325.0
2369.0
-3350.0
1566.0
2227.0
110.0
-3195.0
-403.0
-2713.0
-2907.0
-683.0
-1884.0
-7410.0
6296.0
3635.0
-166.0
-3051.0
-1928.0
-2867.0
-3348.0
-1762.0
-6153.0
7888.0
4783.0
-2320.0
-492.0
2512.0
-1587.0
2172.0
2868.0
-1191.0
-4729.0
1318.0
-4355.0
84.0
2690.0
1752.0
2515.0
-2787.0
25.0
843.0
-4194.0
-2973.0
-1814.0
3311.0
1567.0
-2547.0
2395.0
6932.0
-2008.0
-3860.0
-24.0
293.0
660.0
1906.0
-669.0
4013.0
-3743.0
-529.0
-3424.0
2390.0
-373.0
51.0
520.0
3571.0
-3815.0
-7065.0
1625.0
-1635.0
-2576.0
5683.0
332.0
-3454.0
669.0
-2862.0
-3434.0
2865.0
167.0
-4520.0
747.0
-6725.0
2284.0
-5570.0
-11.0
4535.0
3454.0
4634.0
-2848.0
-4761.0
-4986.0
-7331.0
-930.0
-300.0
-2899.0
2801.0
2899.0
2516.0
-1866.0
5229.0
4256.0
-4384.0
-2443.0
6602.0
-148.0
382.0
229.0
-4048.0
5793.0
-4907.0
-2903.0
-6389.0
1509.0
1829.0
857.0
3506.0
-1782.0
-332.0
7109.0
1075.0
2366.0
-4108.0
7145.0
2721.0
-2294.0
-5881.0
-3191.0
-1774.0
-66.0
2321.0
-3939.0
5251.0
-4320.0
-2359.0
-1004.0
-3316.0
-475.0
-1895.0
5627.0
830.0
4470.0
1893.0
1958.0
3247.0
4360.0
498.0
-4694.0
1967.0
-4392.0
-699.0
-180.0
-1770.0
-4440.0
3456.0
3273.0
2492.0
5083.0
5478.0
5224.0
3025.0
5134.0
-4826.0
6881.0
1402.0
2423.0
-3556.0
5718.0
-3543.0
-2258.0
3945.0
3161.0
1519.0
4131.0
4127.0
2923.0
1167.0
2971.0
-971.0
-995.0
-5848.0
937.0
-1512.0
1496.0
258.0
4339.0
-1206.0
-8093.0
2338.0
511.0
-4935.0
-3391.0
-2050.0
143.0
-946.0
-6546.0
4469.0
-122.0
2728.0
-2168.0
-939.0
-1210.0
-4390.0
1223.0
1771.0
1408.0
2887.0
81.0
-3086.0
-2112.0
4024.0
2180.0
-3746.0
-27.0
3219.0
-1470.0
1469.0
4487.0
3218.0
-5772.0
-4241.0
-3092.0
-2232.0
119.0
4190.0
2085.0
5477.0
-4737.0
-1688.0
-6318.0
7346.0
-438.0
-5886.0
-2271.0
-5128.0
-4338.0
3008.0
2384.0
1683.0
-4489.0
4834.0
-867.0
2295.0
461.0
256.0
489.0
464.0
-1421.0
-2253.0
3234.0
-1303.0
3842.0
2599.0
-1104.0
-1139.0
-216.0
470.0
-6049.0
-2464.0
1996.0
-5199.0
-1349.0
690.0
-72.0
-6251.0
-1019.0
-1032.0
-2516.0
-2783.0
7587.0
1596.0
-801.0
1890.0
-893.0
-4264.0
-693.0
1911.0
2139.0
3456.0
2286.0
-2042.0
-3392.0
-2011.0
2806.0
-3993.0
-1562.0
4179.0
245.0
4796.0
4503.0
-2226.0
-5375.0
-4757.0
-3791.0
4924.0
3048.0
-3199.0
-3611.0
1168.0
-2793.0
1977.0
-2931.0
3630.0
-413.0
381.0
-3461.0
4240.0
-408.0
1369.0
-129.0
4487.0
-2066.0
1976.0
-4289.0
1052.0
1896.0
1545.0
-3317.0
-2778.0
-3716.0
-685.0
-3600.0
-151.0
-63.0
2856.0
-1083.0
2505.0
-5501.0
-1609.0
-640.0
-1185.0
-3604.0
3858.0
-2675.0
-4630.0
-2578.0
2512.0
1123.0
-4857.0
-4555.0
-747.0
8418.0
3012.0
1333.0
35.0
-4072.0
761.0
5060.0
5070.0
2646.0
-196.0
-6400.0
550.0
818.0
563.0
7420.0
-38.0
3967.0
3385.0
-1582.0
1668.0
-4479.0
3151.0
3122.0
6048.0
-1924.0
-365.0
-4261.0
-2107.0
-3641.0
-539.0
-4511.0
-3700.0
-4986.0
-1483.0
-2398.0
-343.0
-2499.0
-2093.0
-2289.0
510.0
-1292.0
2022.0
-4208.0
5995.0
-858.0
3503.0
-5405.0
334.0
3406.0
-182.0
3002.0
3396.0
-291.0
1097.0
-43.0
-4420.0
-1507.0
2792.0
1768.0
-2158.0
-947.0
2288.0
-209.0
309.0
921.0
658.0
-3851.0
62.0
-3044.0
-3694.0
-684.0
-2631.0
451.0
-3388.0
-3275.0
2385.0
2437.0
-3588.0
1548.0
-3974.0
4280.0
1174.0
-3168.0
6165.0
186.0
5280.0
3893.0
-1450.0
-1676.0
-1577.0
-4508.0
-4270.0
7433.0
2613.0
2093.0
4246.0
-842.0
6918.0
-102.0
7666.0
5349.0
-1378.0
-1131.0
1234.0
2258.0
-2814.0
-2778.0
-496.0
-5916.0
960.0
-4051.0
7937.0
13.0
1245.0
-3404.0
2070.0
-1511.0
-799.0
2394.0
451.0
179.0
-7630.0
730.0
-210.0
-3149.0
-4097.0
-1005.0
4741.0
1701.0
-968.0
2936.0
2557.0
1636.0
-5537.0
889.0
-508.0
-60.0
-633.0
-6368.0
540.0
-404.0
-6138.0
-770.0
4287.0
-1279.0
-828.0
-1988.0
-4363.0
-4317.0
-1701.0
-890.0
-4236.0
1519.0
-4505.0
4617.0
1248.0
-7137.0
-940.0
-4917.0
-5968.0
-3214.0
-8240.0
-2031.0
-1010.0
853.0
3368.0
3358.0
-5625.0
-2251.0
555.0
-2116.0
-1695.0
2817.0
-7714.0
-621.0
-1389.0
-1714.0
6369.0
1060.0
4990.0
-2706.0
3775.0
-930.0
-2518.0
-280.0
1471.0
-3475.0
743.0
993.0
-6221.0
-6421.0
-2490.0
-3434.0
4524.0
1335.0
1743.0
-2985.0
-2716.0
-5888.0
2461.0
-3934.0
1295.0
-1922.0
993.0
2766.0
-2242.0
-197.0
1600.0
-2961.0
-2395.0
1646.0
-714.0
771.0
-3015.0
-828.0
-1100.0
-2339.0
-1557.0
-172.0
-2229.0
6053.0
1818.0
-4317.0
-3244.0
-1711.0
116.0
-11.0
-1111.0
-1947.0
2313.0
-728.0
321.0
4300.0
-3818.0
487.0
-3091.0
2109.0
-494.0
-3726.0
-1237.0
-2777.0
-2953.0
242.0
-5601.0
4142.0
-5186.0
2987.0
3317.0
-4603.0
468.0
-243.0
2500.0
3530.0
1838.0
-1132.0
-755.0
2568.0
-5874.0
1924.0
-2413.0
-1713.0
-2808.0
-3043.0
3159.0
374.0
288.0
-1949.0
332.0
3927.0
4089.0
-2570.0
1858.0
484.0
-2321.0
-483.0
-2346.0
305.0
1928.0
2362.0
5044.0
1904.0
3810.0
-5466.0
3415.0
2242.0
-3427.0
-6933.0
-22.0
-5189.0
2123.0
-101.0
-2165.0
-1716.0
-1919.0
1179.0
1178.0
-3242.0
1301.0
-5043.0
-1765.0
7425.0
-4003.0
-2778.0
-875.0
-6692.0
875.0
821.0
-2531.0
-4028.0
4442.0
685.0
-866.0
-6908.0
401.0
3734.0
-4513.0
-3635.0
-1323.0
1721.0
-4018.0
1718.0
5397.0
2102.0
-4748.0
2039.0
4318.0
3107.0
-5972.0
1397.0
5881.0
2812.0
2272.0
1456.0
3184.0
3578.0
-630.0
2640.0
-918.0
118.0
-1767.0
2004.0
-1642.0
-49.0
-2032.0
4141.0
1442.0
-1026.0
448.0
581.0
-4306.0
894.0
-2070.0
-1634.0
-4065.0
-2757.0
-2542.0
-3978.0
5065.0
-6782.0
4103.0
2257.0
-631.0
2894.0
2881.0
370.0
-2957.0
-1995.0
-1552.0
2108.0
-7750.0
1723.0
-1725.0
6147.0
-20.0
-2329.0
-6301.0
2388.0
3008.0
4989.0
-5117.0
462.0
-4689.0
1101.0
-3052.0
3911.0
-3814.0
-1157.0
-4554.0
4156.0
-7386.0
213.0
-602.0
2255.0
-5723.0
-1634.0
-1072.0
-5624.0
2211.0
4962.0
-2423.0
-1561.0
1763.0
2960.0
5146.0
414.0
-1654.0
-759.0
1442.0
818.0
3170.0
-1164.0
3991.0
-2375.0
-697.0
1027.0
1852.0
3186.0
-2234.0
4936.0
-206.0
1144.0
-6725.0
-3134.0
2463.0
-2989.0
-1137.0
-1631.0
-1548.0
-2091.0
3675.0
4787.0
8.0
1366.0
-2553.0
815.0
-252.0
810.0
1260.0
-135.0
-4294.0
4255.0
-1805.0
-1131.0
-2626.0
-2209.0
-2787.0
-909.0
-1704.0
3681.0
572.0
-2280.0
246.0
-6264.0
6060.0
391.0
-112.0
4666.0
-3279.0
4748.0
-5506.0
-2323.0
1903.0
2481.0
-3287.0
-1672.0
-2446.0
2104.0
1471.0
1363.0
245.0
2283.0
-4943.0
1226.0
1854.0
1859.0
-2933.0
-4660.0
406.0
-292.0
5760.0
-2049.0
4055.0
-4709.0
3221.0
1183.0
2334.0
1169.0
-4854.0
-2330.0
4036.0
3726.0
-45.0
-1225.0
-73.0
-1737.0
-4039.0
1494.0
-3388.0
958.0
-7298.0
7786.0
-1143.0
-6671.0
-66.0
2839.0
-3812.0
6632.0
1681.0
-4219.0
-3759.0
-731.0
-4431.0
2167.0
-3014.0
859.0
-1796.0
2483.0
-2368.0
5929.0
4119.0
4570.0
-2231.0
3776.0
-4603.0
2501.0
-1238.0
3279.0
-1257.0
2624.0
1216.0
-5464.0
-3966.0
1597.0
930.0
771.0
1095.0
-3456.0
-7278.0
-1471.0
-5066.0
-3907.0
744.0
-269.0
76.0
1511.0
5058.0
-1022.0
3155.0
5582.0
-2853.0
-2723.0
-969.0
-752.0
-5192.0
-46.0
-5434.0
253.0
-3794.0
-2594.0
1647.0
-2188.0
-3058.0
2962.0
-6471.0
-3617.0
1319.0
4613.0
-4588.0
4833.0
-3400.0
1029.0
988.0
-576.0
3359.0
597.0
-12.0
-5110.0
3401.0
2082.0
5183.0
-3896.0
5376.0
-1628.0
-903.0
-2670.0
-4218.0
-284.0
228.0
2680.0
1161.0
-2275.0
1095.0
3785.0
-2506.0
3542.0
-1140.0
-8749.0
3510.0
6262.0
-481.0
188.0
-267.0
8007.0
-3598.0
-1507.0
-2098.0
672.0
-3591.0
1951.0
-5277.0
-2861.0
3970.0
-127.0
-2495.0
5652.0
4201.0
-742.0
2097.0
-3727.0
-4790.0
3297.0
-1021.0
-1499.0
2530.0
2923.0
-3831.0
671.0
810.0
-6754.0
4574.0
-82.0
2561.0
387.0
-1165.0
-5163.0
-2672.0
2330.0
-2055.0
-2630.0
-1638.0
-2031.0
-538.0
774.0
3887.0
-5594.0
-928.0
1869.0
-654.0
3316.0
1837.0
-3158.0
-2769.0
7532.0
-2069.0
3810.0
-5726.0
2998.0
-1429.0
3901.0
3260.0
-3978.0
2021.0
2623.0
1866.0
-1850.0
-5763.0
2739.0
-1594.0
-1211.0
-2697.0
-4516.0
516.0
-1517.0
-2570.0
-1785.0
3028.0
-846.0
3114.0
4233.0
1468.0
1990.0
1047.0
-1697.0
2748.0
609.0
-4084.0
4326.0
-1272.0
-3648.0
-4474.0
-2851.0
-2181.0
-1351.0
-2389.0
-1957.0
2406.0
-110.0
-2698.0
1882.0
-2404.0
2074.0
6441.0
-431.0
597.0
-2639.0
-2618.0
-807.0
-4925.0
1689.0
1750.0
-2462.0
468.0
2974.0
-2215.0
4486.0
-1060.0
1043.0
1621.0
2749.0
-2393.0
-4497.0
5997.0
636.0
-1006.0
1207.0
-153.0
-3005.0
686.0
-2718.0
6484.0
-472.0
4258.0
5608.0
-7876.0
-4633.0
2870.0
4149.0
1239.0
-4359.0
-1754.0
-1427.0
-4198.0
-4429.0
4111.0
-4557.0
1847.0
3686.0
-875.0
4054.0
3064.0
-585.0
708.0
2948.0
125.0
-2620.0
6423.0
3610.0
-4358.0
-387.0
339.0
1446.0
680.0
-2877.0
489.0
-2228.0
1160.0
2537.0
308.0
-4287.0
1924.0
-4202.0
-1988.0
2997.0
-1649.0
-4477.0
-6359.0
233.0
471.0
-1805.0
2097.0
6834.0
-6.0
-2411.0
6709.0
-3925.0
-5291.0
-2265.0
-5014.0
3061.0
110.0
-1923.0
8529.0
-2480.0
-314.0
4047.0
3453.0
682.0
-2073.0
443.0
-6802.0
4427.0
1537.0
2819.0
2949.0
5291.0
1227.0
-1307.0
-1376.0
-3885.0
1280.0
656.0
-2227.0
2952.0
748.0
-3439.0
1048.0
4268.0
-2733.0
-4580.0
1008.0
1425.0
-172.0
-74.0
-3775.0
4490.0
-5026.0
2412.0
-2193.0
3370.0
-3505.0
-946.0
3862.0
3838.0
1872.0
6570.0
1102.0
5727.0
7236.0
3802.0
2185.0
-2295.0
-963.0
-4983.0
839.0
-1049.0
-2385.0
-60.0
3887.0
-1543.0
5686.0
1427.0
2243.0
1618.0
983.0
-4594.0
-1145.0
2751.0
3781.0
-2971.0
6027.0
-2106.0
1496.0
-3418.0
-240.0
64.0
-3030.0
-2762.0
-5687.0
3357.0
-1674.0
7590.0
5991.0
-2457.0
448.0
-3163.0
-1415.0
-2345.0
-1576.0
3534.0
6360.0
-3758.0
401.0
-4795.0
-4851.0
3493.0
3134.0
3747.0
2185.0
-1406.0
-4271.0
-112.0
860.0
-5274.0
-2789.0
-2582.0
2525.0
-1930.0
-931.0
645.0
-8235.0
-754.0
1967.0
-1204.0
-1641.0
-2248.0
2415.0
1593.0
3707.0
1846.0
-4653.0
-2695.0
646.0
3020.0
-3220.0
-9180.0
2399.0
-1983.0
5957.0
-4056.0
7206.0
-7549.0
4854.0
-1216.0
4387.0
-1267.0
1123.0
-14.0
-5567.0
-122.0
-307.0
5709.0
5852.0
-204.0
-365.0
2860.0
-2084.0
-3889.0
564.0
-505.0
2233.0
-2228.0
-920.0
-450.0
-2590.0
235.0
-491.0
819.0
-536.0
-4877.0
-1524.0
-7154.0
-5190.0
379.0
-6805.0
-2753.0
895.0
-5131.0
-3255.0
3746.0
-2717.0
2365.0
-1671.0
5513.0
-1136.0
-1467.0
-5296.0
3025.0
-312.0
416.0
485.0
-3944.0
813.0
2206.0
-551.0
1151.0
2352.0
141.0
-1309.0
4598.0
280.0
-2263.0
683.0
5936.0
1579.0
941.0
-1443.0
-353.0
-919.0
-3373.0
9040.0
3774.0
3155.0
-2085.0
31.0
-2469.0
-4307.0
4334.0
-2810.0
-3059.0
-4332.0
2643.0
2530.0
2757.0
5192.0
-2186.0
1671.0
-4832.0
2608.0
-1515.0
-3063.0
439.0
-5502.0
-917.0
-1472.0
-5258.0
3284.0
2218.0
-966.0
-3354.0
906.0
-1706.0
2385.0
-2825.0
2017.0
543.0
7090.0
3095.0
807.0
-2042.0
-1445.0
2892.0
5797.0
1071.0
312.0
-2749.0
-4473.0
2784.0
-2714.0
-1628.0
-2027.0
102.0
3776.0
6217.0
-165.0
-1109.0
2241.0
4081.0
-4686.0
-4911.0
2318.0
4113.0
-1412.0
-1594.0
4908.0
434.0
1755.0
-37.0
6697.0
-5020.0
2650.0
-5095.0
-2031.0
-5920.0
-6231.0
6020.0
-7235.0
-3289.0
765.0
3802.0
576.0
-5137.0
-2071.0
596.0
-2794.0
-3480.0
2778.0
420.0
-1433.0
-397.0
7855.0
3793.0
-658.0
-1331.0
4448.0
3391.0
211.0
-3034.0
-1501.0
1321.0
-2138.0
-4275.0
-370.0
2345.0
-679.0
3854.0
462.0
413.0
2936.0
-3723.0
-1182.0
-1380.0
-2373.0
2217.0
-1463.0
3482.0
-5702.0
-5458.0
-278.0
-639.0
-1000.0
4013.0
-2636.0
-3607.0
2097.0
1270.0
-153.0
-3421.0
6830.0
-3772.0
864.0
-2967.0
-1316.0
-1264.0
-1778.0
-731.0
-212.0
-6266.0
4977.0
-1557.0
-227.0
2409.0
-6697.0
3645.0
1613.0
-5584.0
-3606.0
2292.0
66.0
-4177.0
-8133.0
4716.0
986.0
-2893.0
263.0
2935.0
-2263.0
-1938.0
2329.0
-2364.0
3209.0
2974.0
-1416.0
-395.0
3173.0
-3221.0
-4841.0
1187.0
1045.0
-3698.0
-1858.0
-2873.0
1930.0
372.0
3670.0
1454.0
1163.0
4665.0
-1484.0
2087.0
2762.0
-2616.0
5176.0
-91.0
-3211.0
-453.0
4428.0
-2714.0
1193.0
-1682.0
3790.0
-5850.0
-2222.0
1338.0
-1047.0
2577.0
508.0
-750.0
-5196.0
-2627.0
-1661.0
-212.0
-1254.0
-763.0
-3329.0
-3147.0
1334.0
2058.0
-4229.0
857.0
-2107.0
3816.0
2534.0
2419.0
2016.0
2702.0
-5758.0
4252.0
1194.0
1174.0
4035.0
-1506.0
1115.0
1373.0
532.0
1839.0
-1720.0
1140.0
-2566.0
4385.0
1537.0
264.0
3350.0
2145.0
-6551.0
-3514.0
-5153.0
711.0
-2448.0
1059.0
-1152.0
237.0
-2564.0
-5651.0
624.0
1554.0
1305.0
-5424.0
-580.0
-78.0
3297.0
2199.0
-1321.0
739.0
1794.0
6398.0
5222.0
809.0
-1505.0
-6092.0
68.0
-767.0
-2107.0
314.0
-2211.0
280.0
-4292.0
1118.0
46.0
-2081.0
216.0
1502.0
-2629.0
704.0
4153.0
841.0
-3182.0
2116.0
717.0
6693.0
3241.0
1203.0
3830.0
1455.0
-3297.0
1756.0
-1105.0
2702.0
-4473.0
7145.0
1986.0
-2015.0
-5933.0
402.0
-4520.0
244.0
-7506.0
-707.0
-3923.0
-2230.0
4085.0
-1747.0
-990.0
-272.0
1516.0
-1161.0
-5547.0
-471.0
2995.0
-1211.0
2219.0
-1231.0
1470.0
-105.0
4520.0
-856.0
-7378.0
2979.0
1860.0
-1574.0
-2497.0
129.0
3160.0
27.0
-1971.0
3893.0
-2416.0
-2060.0
1735.0
1159.0
-5150.0
-1881.0
-4744.0
-4852.0
-1251.0
918.0
-208.0
-5960.0
145.0
-6375.0
1038.0
881.0
-4838.0
880.0
1300.0
-2861.0
-2822.0
-1199.0
3832.0
-1005.0
6066.0
3792.0
-128.0
-408.0
103.0
2311.0
-2266.0
-1088.0
-752.0
780.0
3199.0
4617.0
-1132.0
5866.0
-1888.0
1351.0
4300.0
64.0
-936.0
-2708.0
241.0
3606.0
-3663.0
-360.0
-2001.0
1564.0
8982.0
3483.0
2046.0
-1319.0
-4680.0
1087.0
-1816.0
4676.0
1240.0
2131.0
1165.0
-4403.0
-802.0
-946.0
3512.0
1685.0
-591.0
1655.0
5159.0
484.0
1735.0
1490.0
1850.0
-3826.0
-381.0
3662.0
3462.0
-3390.0
3957.0
1537.0
6135.0
544.0
-2469.0
-2428.0
-4785.0
-2291.0
1041.0
179.0
966.0
1485.0
-762.0
-4827.0
5025.0
-5961.0
-5570.0
-3941.0
431.0
4184.0
-3025.0
-2975.0
3964.0
2083.0
2627.0
-1531.0
254.0
-1990.0
-1800.0
-4241.0
-3536.0
-1730.0
-3742.0
3404.0
-663.0
3961.0
1260.0
-5169.0
887.0
-974.0
581.0
-380.0
2162.0
1651.0
1544.0
-3040.0
-3328.0
-1698.0
1127.0
209.0
-1165.0
-3339.0
-2966.0
-9689.0
1456.0
-4246.0
1369.0
-3098.0
-1807.0
-1706.0
2257.0
-766.0
-5655.0
-2623.0
1712.0
-4299.0
951.0
-4422.0
320.0
280.0
-1992.0
3974.0
-45.0
-4644.0
1642.0
3274.0
-1668.0
-445.0
1476.0
-4803.0
1107.0
2502.0
-2433.0
-4143.0
-1943.0
-5549.0
896.0
-1305.0
-5526.0
-763.0
-5886.0
-3110.0
-266.0
-168.0
-1337.0
3111.0
227.0
2121.0
4943.0
1967.0
-679.0
-1173.0
2329.0
-1922.0
-1689.0
-230.0
3113.0
996.0
1547.0
-4150.0
-2493.0
-5667.0
4264.0
-70.0
2702.0
1983.0
-5827.0
3374.0
1344.0
-3076.0
3448.0
8423.0
-3212.0
14.0
-4812.0
-1679.0
7071.0
3946.0
-3590.0
2671.0
-1693.0
1122.0
-1354.0
724.0
-4100.0
-5471.0
-1082.0
-93.0
-1398.0
2329.0
728.0
367.0
-1415.0
4577.0
-2931.0
3980.0
270.0
1731.0
5444.0
-5038.0
2350.0
1044.0
1862.0
80.0
556.0
3769.0
530.0
1112.0
-825.0
158.0
-2690.0
-3725.0
-805.0
799.0
5794.0
-373.0
3687.0
5184.0
1531.0
353.0
1191.0
-763.0
-950.0
3065.0
-6202.0
4173.0
3697.0
-419.0
-3091.0
-4279.0
283.0
-2183.0
-6073.0
-4270.0
-4899.0
-2305.0
-6857.0
815.0
-3887.0
-3620.0
1632.0
1110.0
1969.0
3210.0
4588.0
-6075.0
951.0
-3716.0
-1967.0
2864.0
-3353.0
1329.0
816.0
449.0
830.0
-2570.0
215.0
-1372.0
1219.0
1638.0
-389.0
-3863.0
-7013.0
-281.0
-1189.0
-1325.0
3288.0
5123.0
6803.0
-775.0
-1911.0
5776.0
-177.0
3387.0
813.0
-2855.0
3981.0
3369.0
-4398.0
136.0
-2324.0
3350.0
3745.0
-1597.0
1031.0
-4373.0
2415.0
23.0
1363.0
54.0
-3825.0
4075.0
1611.0
6063.0
-2549.0
7053.0
-6020.0
-2986.0
-863.0
-1711.0
-1391.0
-1618.0
-3936.0
-1746.0
-1990.0
140.0
-1964.0
115.0
3831.0
4364.0
5429.0
1746.0
-2705.0
7311.0
7708.0
2000.0
3046.0
212.0
-238.0
-554.0
784.0
3265.0
-4217.0
-1938.0
3084.0
3642.0
-2642.0
6572.0
3373.0
1422.0
2889.0
-3371.0
-1412.0
334.0
1873.0
2642.0
4578.0
7328.0
-8506.0
-2417.0
-247.0
-1936.0
-5448.0
-3307.0
3737.0
5977.0
3546.0
5995.0
-2972.0
-4119.0
-2970.0
3228.0
-3975.0
6800.0
5730.0
2025.0
7071.0
-6207.0
-1530.0
3165.0
744.0
4876.0
-674.0
-3330.0
3646.0
-3072.0
-2108.0
1361.0
-2184.0
-2668.0
-2446.0
1828.0
-1544.0
-5813.0
3138.0
3051.0
-504.0
-7096.0
-5997.0
376.0
-177.0
430.0
-410.0
-2253.0
505.0
-2557.0
5671.0
-4826.0
2638.0
157.0
-673.0
4812.0
103.0
-862.0
2536.0
-1399.0
2498.0
-1571.0
2155.0
-7150.0
1020.0
-4037.0
-2616.0
3139.0
2054.0
-3834.0
-1834.0
-2956.0
-2790.0
-4877.0
-2506.0
5470.0
2389.0
1180.0
4525.0
1991.0
-5170.0
-1619.0
1755.0
4333.0
-3513.0
5692.0
3239.0
-2047.0
3022.0
-1486.0
-778.0
6875.0
3900.0
-1471.0
4149.0
344.0
1549.0
1515.0
-4390.0
-5696.0
45.0
-2337.0
1458.0
-165.0
3087.0
-1117.0
-4040.0
771.0
-4629.0
4168.0
4521.0
-2408.0
2340.0
3268.0
227.0
4227.0
-1505.0
-4281.0
4707.0
-2940.0
3462.0
-1800.0
-1527.0
1268.0
-1643.0
3071.0
-4131.0
-689.0
-896.0
-37.0
-257.0
-2367.0
5000.0
3782.0
-4160.0
-5399.0
713.0
4617.0
-2925.0
-6469.0
-4790.0
492.0
2079.0
-2734.0
90.0
3363.0
-2631.0
-2507.0
1134.0
881.0
1453.0
3012.0
4836.0
-2246.0
-734.0
652.0
-1093.0
2099.0
1892.0
1438.0
2055.0
-6648.0
-2329.0
-3139.0
-2208.0
-4521.0
-3040.0
-2131.0
-1087.0
-4245.0
9086.0
-3842.0
-2709.0
-3527.0
789.0
352.0
693.0
3649.0
4282.0
-1156.0
-1409.0
-3645.0
-1478.0
-2753.0
-3107.0
-3192.0
-880.0
3634.0
2650.0
-7112.0
-5106.0
-1429.0
-3377.0
-6732.0
-417.0
7178.0
657.0
1956.0
3035.0
-1796.0
1237.0
1804.0
3553.0
-3279.0
38.0
1182.0
98.0
1905.0
230.0
5784.0
3120.0
4462.0
596.0
-686.0
3414.0
8849.0
1101.0
1783.0
-4606.0
-1510.0
-3342.0
520.0
-5536.0
-5678.0
1743.0
2102.0
1768.0
-1768.0
-283.0
3133.0
-2413.0
2841.0
-3281.0
1801.0
641.0
2172.0
-29.0
1687.0
1589.0
1136.0
9283.0
4223.0
-1915.0
1000.0
302.0
1927.0
-5894.0
1497.0
-2426.0
1052.0
-1073.0
4688.0
-3244.0
257.0
-3353.0
2635.0
1406.0
-691.0
-1018.0
-2332.0
-1259.0
-1900.0
-2244.0
754.0
2324.0
162.0
140.0
-3803.0
-698.0
-5996.0
-4580.0
4786.0
-1460.0
-379.0
-4072.0
-2961.0
-5807.0
-4223.0
3461.0
3459.0
-3831.0
-4089.0
452.0
2515.0
476.0
-686.0
-1629.0
-2222.0
-7744.0
4161.0
-144.0
1544.0
604.0
4556.0
-4108.0
-1044.0
2087.0
-3535.0
1556.0
1972.0
-3329.0
-3126.0
6027.0
797.0
-3480.0
-32.0
1297.0
-1685.0
4646.0
538.0
-2703.0
2633.0
-2772.0
-1713.0
1538.0
3276.0
-741.0
4731.0
-93.0
-580.0
3065.0
2898.0
-2136.0
-8570.0
3019.0
2190.0
-4505.0
1214.0
6197.0
-839.0
188.0
2455.0
459.0
981.0
-3030.0
-6820.0
-1429.0
75.0
3566.0
-4770.0
-593.0
3486.0
-553.0
-5273.0
1303.0
2371.0
2155.0
-7270.0
2838.0
-3187.0
-1950.0
1694.0
-358.0
2491.0
1051.0
-142.0
-1108.0
4839.0
2381.0
402.0
-1311.0
5044.0
2703.0
-3383.0
-4619.0
-7402.0
-2642.0
-1898.0
512.0
-2238.0
1290.0
5898.0
-979.0
-97.0
2992.0
5216.0
635.0
-2985.0
-2708.0
4753.0
-405.0
-883.0
-5565.0
-1800.0
715.0
-4659.0
3569.0
-1720.0
95.0
5097.0
-1408.0
-4441.0
841.0
-3253.0
-4136.0
4406.0
-390.0
-366.0
2148.0
-8259.0
-2221.0
-5194.0
-6826.0
3989.0
-3721.0
4589.0
203.0
838.0
420.0
1182.0
1537.0
-1350.0
-3495.0
733.0
3558.0
-231.0
699.0
524.0
1327.0
-357.0
2837.0
4397.0
-1786.0
-1133.0
1876.0
2503.0
9286.0
-1451.0
39.0
3058.0
170.0
-1686.0
3178.0
292.0
-1744.0
2637.0
-276.0
541.0
-931.0
-2952.0
1602.0
-5955.0
3342.0
6292.0
-3862.0
-6032.0
1131.0
3751.0
-3332.0
1550.0
-4313.0
698.0
-1732.0
2320.0
4440.0
-465.0
-6040.0
3618.0
3559.0
2897.0
-267.0
-1692.0
-5280.0
-2053.0
354.0
928.0
650.0
785.0
4017.0
1100.0
983.0
3556.0
4096.0
-6659.0
-2101.0
82.0
-3261.0
215.0
241.0
-1102.0
-2090.0
6961.0
958.0
-1011.0
-1505.0
-5921.0
-2764.0
-1944.0
71.0
5578.0
-5728.0
815.0
1502.0
-1127.0
8198.0
6661.0
-3604.0
-2139.0
1098.0
5120.0
2591.0
1428.0
2458.0
-2297.0
-2430.0
-2072.0
-1774.0
2455.0
2231.0
-2315.0
2788.0
-7052.0
-1069.0
2813.0
-2761.0
2108.0
-6150.0
-1666.0
6932.0
3947.0
3210.0
-330.0
-2791.0
2435.0
-1621.0
4632.0
-442.0
3027.0
-353.0
632.0
-2780.0
5220.0
-1832.0
521.0
-4605.0
3705.0
3677.0
3980.0
-2536.0
799.0
-5007.0
-1560.0
2017.0
-3999.0
-1530.0
-1495.0
-1421.0
1455.0
140.0
3376.0
-4564.0
-4603.0
-3732.0
1106.0
2188.0
-7005.0
3310.0
-4847.0
-878.0
-4043.0
4906.0
-200.0
697.0
356.0
-2877.0
-1768.0
2505.0
5923.0
-3406.0
4755.0
2871.0
-29.0
5727.0
-3104.0
-3424.0
5514.0
-2165.0
-5925.0
-2006.0
-1619.0
2628.0
2800.0
1923.0
-4357.0
2784.0
-7649.0
3759.0
1524.0
4020.0
-110.0
1768.0
2723.0
3777.0
1333.0
-2526.0
4384.0
3077.0
-4079.0
1559.0
1756.0
-1043.0
494.0
4849.0
5131.0
-5224.0
4514.0
-518.0
3334.0
299.0
1696.0
736.0
2987.0
5940.0
1106.0
-1975.0
1600.0
3000.0
351.0
-260.0
96.0
-7424.0
372.0
-2280.0
-3692.0
925.0
-232.0
475.0
4325.0
-3709.0
2470.0
6548.0
1833.0
12.0
4395.0
-772.0
-2819.0
177.0
-879.0
-1147.0
1839.0
-2686.0
6456.0
464.0
-1526.0
8334.0
4817.0
-631.0
1368.0
2099.0
945.0
3794.0
-2522.0
3876.0
2715.0
-616.0
-4516.0
4219.0
-5267.0
-5684.0
128.0
1827.0
-2436.0
-3882.0
-4073.0
6948.0
-5539.0
7586.0
433.0
7421.0
2284.0
-3195.0
-447.0
-2011.0
-1716.0
-1189.0
350.0
-2714.0
-4968.0
-5716.0
-3728.0
4878.0
757.0
-770.0
5221.0
-4146.0
1245.0
75.0
2955.0
1822.0
-2991.0
288.0
2116.0
-2366.0
-2288.0
7673.0
957.0
3065.0
-2021.0
6777.0
-3003.0
1728.0
-5033.0
249.0
5300.0
2963.0
4849.0
261.0
1062.0
-102.0
3289.0
-6422.0
-2881.0
-1513.0
-6081.0
-4596.0
503.0
372.0
-2029.0
1743.0
176.0
-1738.0
4233.0
-2197.0
8546.0
-1138.0
3911.0
-6204.0
-698.0
1219.0
7448.0
-4288.0
2461.0
2523.0
-130.0
2193.0
3948.0
465.0
-1807.0
-913.0
-1599.0
-272.0
-7201.0
5969.0
-837.0
1258.0
1040.0
1146.0
2759.0
-684.0
-2593.0
2246.0
-5094.0
2256.0
-434.0
-2415.0
-1551.0
-6028.0
-1802.0
-2439.0
3607.0
5465.0
-1324.0
-664.0
1578.0
-2073.0
2300.0
-1076.0
3086.0
1037.0
1682.0
174.0
-442.0
-3764.0
812.0
-1129.0
4324.0
3062.0
2848.0
-2532.0
1841.0
-1632.0
1001.0
-2576.0
-2832.0
-1238.0
-1388.0
-3792.0
-1009.0
2031.0
5315.0
4341.0
1641.0
-5604.0
2129.0
-4395.0
4326.0
364.0
-6440.0
1274.0
178.0
-2969.0
-1644.0
-6063.0
707.0
-8414.0
-5158.0
-5006.0
1798.0
-8223.0
-1601.0
-82.0
-130.0
1705.0
-1314.0
-5107.0
-308.0
-126.0
1370.0
-4873.0
-779.0
-2734.0
-2822.0
859.0
-36.0
-3820.0
309.0
-1004.0
2775.0
4160.0
-4502.0
-6141.0
546.0
155.0
-3084.0
1320.0
4224.0
745.0
-5714.0
4409.0
1043.0
-344.0
-3966.0
4610.0
3211.0
3969.0
-3954.0
4104.0
3931.0
-5470.0
-8624.0
-5664.0
-401.0
-5092.0
203.0
6950.0
-5180.0
3076.0
-3530.0
-4432.0
4416.0
-5758.0
1951.0
3785.0
-4970.0
3428.0
782.0
5094.0
-44.0
194.0
-183.0
3048.0
-282.0
2445.0
5119.0
2845.0
129.0
6600.0
2520.0
-6998.0
-1931.0
1689.0
5757.0
-2119.0
3869.0
-50.0
-3605.0
1047.0
-5858.0
1358.0
185.0
-727.0
-1629.0
3643.0
-1239.0
4318.0
5316.0
-7809.0
-366.0
1756.0
1879.0
3874.0
4864.0
-420.0
2069.0
-2987.0
2402.0
549.0
-4124.0
-732.0
-6846.0
-3502.0
3841.0
-2964.0
5224.0
657.0
9054.0
978.0
-1833.0
-4737.0
3022.0
-780.0
233.0
-3069.0
-1635.0
-3989.0
1159.0
-2030.0
-5530.0
2863.0
3046.0
2121.0
-5858.0
364.0
-4611.0
-2740.0
-2574.0
2246.0
1308.0
-1506.0
4982.0
-80.0
4387.0
-554.0
-1207.0
6350.0
1808.0
3093.0
6810.0
5793.0
2390.0
-84.0
7632.0
-4243.0
1441.0
4705.0
2485.0
-943.0
-131.0
3741.0
-2183.0
1347.0
-3188.0
2970.0
-2048.0
609.0
-245.0
8277.0
-5613.0
-2951.0
-5882.0
517.0
-3529.0
-2469.0
-4883.0
957.0
-3489.0
-3350.0
-2694.0
-2459.0
880.0
-5811.0
2154.0
956.0
-4782.0
4545.0
-4148.0
-847.0
3763.0
1856.0
755.0
-4672.0
-3065.0
-5631.0
-3026.0
2164.0
3037.0
4250.0
-2680.0
-873.0
1247.0
-1674.0
2016.0
-758.0
5509.0
-3571.0
1406.0
-571.0
-3644.0
1210.0
8881.0
-4722.0
989.0
1489.0
4867.0
-4606.0
2854.0
6838.0
-2687.0
-2929.0
5253.0
-5860.0
581.0
3629.0
-2399.0
-145.0
732.0
-2881.0
3668.0
-605.0
-1452.0
1499.0
-1488.0
-1341.0
-7118.0
37.0
-4128.0
-886.0
-1092.0
2205.0
-1197.0
7550.0
-7310.0
1052.0
1241.0
-52.0
364.0
-1387.0
-1265.0
-2812.0
-1558.0
-2050.0
48.0
644.0
-4690.0
1220.0
1165.0
4896.0
-4196.0
985.0
2301.0
2303.0
4757.0
1935.0
1869.0
992.0
-38.0
-191.0
-4890.0
584.0
-5657.0
-281.0
6132.0
1187.0
-693.0
3273.0
-3620.0
205.0
3502.0
-8141.0
-2594.0
-2900.0
4496.0
346.0
1890.0
-5651.0
-3454.0
-1194.0
1922.0
4737.0
3161.0
427.0
-1058.0
-3389.0
1390.0
1632.0
5214.0
-806.0
1816.0
-4019.0
1570.0
111.0
-2238.0
1124.0
7191.0
5453.0
-3365.0
4025.0
-2959.0
991.0
3153.0
470.0
-134.0
-1138.0
491.0
-4086.0
3802.0
1107.0
-2963.0
-6984.0
-873.0
-3166.0
533.0
-2362.0
-3257.0
5430.0
5163.0
5242.0
-1609.0
-1230.0
3156.0
-156.0
-721.0
-5118.0
3242.0
5365.0
-2066.0
-2736.0
3009.0
-1250.0
-1906.0
4350.0
-5755.0
977.0
5113.0
1146.0
-2057.0
-1104.0
1900.0
-5997.0
2125.0
6567.0
2949.0
3271.0
663.0
2142.0
73.0
4969.0
-933.0
-4277.0
-982.0
-2784.0
1094.0
1247.0
5991.0
3396.0
-3464.0
5070.0
1519.0
3171.0
-8948.0
-2653.0
-5227.0
1691.0
7267.0
-1169.0
-2258.0
2304.0
487.0
5886.0
-4021.0
-161.0
4151.0
-252.0
1642.0
1784.0
1391.0
-1451.0
9004.0
3037.0
-2295.0
6667.0
-198.0
2845.0
-3050.0
-1890.0
-2304.0
-1582.0
-1019.0
-2839.0
-1857.0
-2317.0
-2803.0
-558.0
1138.0
1262.0
1106.0
841.0
-1277.0
-2864.0
-6175.0
2328.0
-408.0
-2039.0
-6524.0
-4330.0
-2562.0
-1712.0
3087.0
-334.0
19.0
7239.0
-1097.0
-3191.0
393.0
-5681.0
-3160.0
-1212.0
-1767.0
-1272.0
-1800.0
2785.0
5028.0
3610.0
-5096.0
4745.0
2166.0
-1761.0
-3506.0
2456.0
-3019.0
4327.0
3886.0
-2245.0
-6217.0
-5750.0
-342.0
-2277.0
-1678.0
5.0
509.0
2152.0
2406.0
-1148.0
-3974.0
3210.0
4339.0
5468.0
2330.0
-5146.0
-578.0
-2556.0
-567.0
-879.0
-3838.0
-2718.0
2996.0
-2362.0
-1268.0
3.0
8207.0
-2672.0
-25.0
181.0
3972.0
-2418.0
46.0
-992.0
-1521.0
603.0
1599.0
4784.0
4696.0
-498.0
-4076.0
1615.0
-3054.0
-3789.0
3801.0
1654.0
6932.0
3627.0
2433.0
3845.0
3782.0
2764.0
2627.0
2080.0
481.0
2593.0
557.0
-1247.0
-2663.0
-204.0
-435.0
-325.0
1612.0
-2736.0
2208.0
-1859.0
-7771.0
-1412.0
-935.0
-719.0
-3619.0
-1769.0
3649.0
-586.0
-4528.0
-3176.0
4464.0
1712.0
730.0
1371.0
3142.0
-1707.0
354.0
3789.0
2592.0
-1965.0
4413.0
-857.0
4465.0
-4394.0
-3951.0
-2627.0
7.0
-783.0
-2720.0
1994.0
-2833.0
-70.0
2450.0
-2059.0
-1746.0
-2223.0
-87.0
-4688.0
4813.0
5226.0
1102.0
3191.0
-3071.0
-451.0
1672.0
5082.0
-4577.0
5801.0
2444.0
4004.0
-2231.0
-777.0
2169.0
1716.0
697.0
1929.0
1026.0
-5888.0
1815.0
1607.0
-590.0
5297.0
653.0
2172.0
-1370.0
4652.0
3531.0
1891.0
3550.0
-1585.0
-127.0
1357.0
17.0
-5373.0
1536.0
-3726.0
-1898.0
1634.0
-1032.0
-1295.0
-4235.0
-1481.0
-879.0
4326.0
2384.0
-6663.0
978.0
-3800.0
1441.0
-6529.0
4295.0
3115.0
309.0
-489.0
2080.0
1066.0
1790.0
998.0
-5140.0
-4396.0
-1179.0
3446.0
820.0
468.0
-2532.0
2119.0
899.0
-215.0
1815.0
-4271.0
-727.0
1260.0
-7405.0
2212.0
-2818.0
-775.0
4754.0
-1480.0
1275.0
-251.0
2804.0
1811.0
-2287.0
-5915.0
-1093.0
-1531.0
1230.0
1758.0
288.0
2830.0
-4445.0
1619.0
-2435.0
-5103.0
3669.0
1729.0
2147.0
388.0
-6462.0
-961.0
-201.0
-1614.0
2796.0
2155.0
-7988.0
2156.0
4492.0
-3227.0
-2317.0
-28.0
1684.0
91.0
432.0
-3228.0
-1283.0
2814.0
3725.0
-2269.0
1294.0
1056.0
-6037.0
2251.0
-5791.0
167.0
-2500.0
-3668.0
-3411.0
548.0
3934.0
29.0
540.0
-4881.0
-551.0
-2520.0
841.0
-5303.0
2901.0
5081.0
2252.0
-514.0
-8807.0
-1436.0
1113.0
-6860.0
2060.0
683.0
4514.0
-4367.0
3996.0
1877.0
-5226.0
-498.0
2682.0
2371.0
1623.0
135.0
-532.0
-1225.0
1301.0
-7628.0
456.0
3604.0
4283.0
722.0
-1951.0
-1971.0
449.0
-3904.0
-2917.0
217.0
-2197.0
-2213.0
3168.0
1196.0
-364.0
-2231.0
-1967.0
-4639.0
2318.0
1537.0
6424.0
3103.0
3100.0
-3163.0
-6028.0
2283.0
-3425.0
-5395.0
-3402.0
-3020.0
460.0
-3033.0
-738.0
-30.0
-1290.0
1959.0
1401.0
1959.0
2308.0
2080.0
-3737.0
1343.0
-3227.0
408.0
-566.0
4466.0
6278.0
-144.0
-2769.0
-2213.0
-1029.0
-4666.0
-2308.0
-2660.0
3864.0
-4354.0
1654.0
-1831.0
-3840.0
-944.0
-4421.0
-4973.0
1495.0
-1581.0
2946.0
-245.0
-4338.0
-7627.0
-8526.0
2128.0
6349.0
-1848.0
4047.0
1682.0
-4830.0
-1598.0
583.0
1112.0
-737.0
1924.0
-1958.0
2434.0
-6205.0
597.0
3653.0
-142.0
241.0
3582.0
6137.0
-1413.0
-6023.0
4838.0
-143.0
-1967.0
924.0
2275.0
2195.0
3882.0
8269.0
1725.0
-4786.0
512.0
-679.0
-474.0
6915.0
-979.0
3270.0
-3742.0
-7188.0
3242.0
168.0
2114.0
-3309.0
639.0
-1036.0
-1869.0
1938.0
-3360.0
1538.0
-2308.0
2906.0
3508.0
-4462.0
2440.0
-1128.0
413.0
4163.0
-3323.0
2308.0
382.0
8402.0
-2554.0
-110.0
-683.0
2109.0
-1344.0
2384.0
-440.0
-647.0
-1546.0
8.0
-324.0
2559.0
1653.0
4923.0
-2943.0
-136.0
-6967.0
-1837.0
-1006.0
-1647.0
-1794.0
2181.0
-176.0
4300.0
3305.0
-246.0
450.0
-2475.0
-6259.0
-1350.0
1472.0
2971.0
5157.0
8445.0
-1305.0
2190.0
-91.0
2457.0
4262.0
60.0
-216.0
-7667.0
-7544.0
-461.0
-2073.0
-1639.0
-2011.0
3023.0
583.0
-4542.0
4383.0
4572.0
-1528.0
782.0
-6673.0
-1225.0
-97.0
2362.0
-2403.0
-3769.0
1701.0
-998.0
-5788.0
-4892.0
-1138.0
2327.0
2460.0
-2146.0
1401.0
2016.0
5489.0
7113.0
956.0
-5454.0
1100.0
1574.0
-1195.0
-2385.0
-1400.0
-1155.0
-6126.0
-833.0
-1867.0
-4221.0
116.0
5052.0
1645.0
-2697.0
-5282.0
-3132.0
-2489.0
113.0
2613.0
995.0
436.0
-296.0
-7054.0
-27.0
3933.0
-2631.0
141.0
7435.0
-320.0
-4657.0
3732.0
-2720.0
5157.0
-6544.0
5874.0
-4054.0
-2146.0
952.0
7305.0
3265.0
-747.0
-2621.0
1167.0
2276.0
-5924.0
901.0
-2210.0
3252.0
-537.0
391.0
-5476.0
919.0
1442.0
6704.0
-4561.0
3454.0
393.0
-685.0
-782.0
444.0
7721.0
4237.0
-5829.0
-641.0
7770.0
2003.0
1790.0
-483.0
-3783.0
-3608.0
-3314.0
4724.0
-2789.0
18.0
497.0
5484.0
221.0
443.0
2068.0
-2593.0
2850.0
-545.0
-902.0
-397.0
6630.0
3188.0
1647.0
-1298.0
1586.0
-219.0
-6444.0
-1128.0
-1288.0
-3168.0
1320.0
3701.0
-1172.0
2225.0
510.0
-325.0
2327.0
539.0
-6307.0
-124.0
7030.0
2906.0
4801.0
2914.0
-372.0
2516.0
-5289.0
7853.0
2736.0
-1040.0
624.0
-1078.0
1905.0
-371.0
-2309.0
-1204.0
4130.0
-651.0
-1099.0
-2731.0
1788.0
-1569.0
2849.0
-4710.0
-5251.0
-3627.0
-2468.0
2219.0
2102.0
-1762.0
8242.0
911.0
-1407.0
-2414.0
-7174.0
-2776.0
3987.0
-1911.0
51.0
2147.0
-34.0
-2961.0
-113.0
4091.0
-7030.0
2153.0
2435.0
2129.0
2620.0
3093.0
676.0
1324.0
7317.0
6705.0
3088.0
-1550.0
-3872.0
-2741.0
332.0
-2752.0
494.0
2308.0
-4741.0
463.0
3400.0
3615.0
6117.0
2392.0
4585.0
3242.0
438.0
355.0
-1344.0
1321.0
-3765.0
259.0
-2276.0
2374.0
-5021.0
-2488.0
5758.0
-1286.0
1189.0
-2313.0
892.0
-2608.0
-4235.0
1990.0
-2134.0
3333.0
159.0
-1401.0
-4297.0
-6002.0
-1265.0
2062.0
-2920.0
-6658.0
10582.0
-759.0
902.0
-4225.0
-965.0
5434.0
1345.0
2361.0
-1678.0
-1410.0
3662.0
-1981.0
-1001.0
-2148.0
-6552.0
437.0
1362.0
-2848.0
-808.0
2913.0
2139.0
-857.0
-1062.0
-5112.0
908.0
-2477.0
2779.0
1112.0
3597.0
-23.0
-5048.0
-4278.0
2338.0
-2061.0
-3308.0
-870.0
-1487.0
-900.0
7465.0
-2744.0
-2161.0
-2566.0
161.0
241.0
-3852.0
-2207.0
2319.0
-2727.0
-1303.0
911.0
2382.0
-367.0
1662.0
2856.0
-2834.0
-4869.0
4130.0
1523.0
2271.0
-440.0
7497.0
1354.0
1905.0
-1167.0
-1832.0
-7904.0
2745.0
877.0
-6894.0
374.0
-5946.0
1850.0
-321.0
-1885.0
2083.0
996.0
-1856.0
-4733.0
1653.0
-2141.0
-1853.0
319.0
3321.0
1031.0
3247.0
-763.0
-3290.0
780.0
1424.0
-4538.0
-1067.0
-1517.0
-4136.0
-2300.0
-891.0
1634.0
1625.0
291.0
-8738.0
-321.0
6232.0
-176.0
-3993.0
3980.0
-1374.0
-571.0
929.0
-2147.0
-1459.0
-2433.0
2072.0
-393.0
-2616.0
-7172.0
7352.0
4675.0
-1237.0
-395.0
1656.0
-2734.0
-1162.0
3723.0
-4658.0
-2780.0
135.0
-1347.0
5655.0
2707.0
2430.0
-3121.0
4178.0
-1213.0
4948.0
-287.0
-1490.0
-1247.0
1411.0
2881.0
723.0
435.0
5457.0
5739.0
-3569.0
-4910.0
3929.0
-3211.0
-3602.0
-2065.0
2327.0
-2020.0
3538.0
4824.0
-1006.0
3605.0
-4156.0
49.0
-2280.0
-3274.0
-2675.0
2040.0
4409.0
-2120.0
-6445.0
-3387.0
-1263.0
-379.0
2683.0
2508.0
-6182.0
-6010.0
-7054.0
-6663.0
778.0
-452.0
2621.0
4701.0
4455.0
-3898.0
1329.0
583.0
3130.0
3572.0
4075.0
1365.0
-635.0
-7847.0
2986.0
-780.0
-803.0
4787.0
-5549.0
-1945.0
-2012.0
-1560.0
-2957.0
3184.0
-4574.0
-3322.0
-85.0
-4208.0
3546.0
2840.0
2598.0
1803.0
-2455.0
2913.0
-2835.0
-7175.0
873.0
-5239.0
713.0
-1696.0
1961.0
2862.0
716.0
4538.0
168.0
-1924.0
-3218.0
3952.0
3870.0
-6526.0
-6144.0
1375.0
-2553.0
253.0
620.0
-3408.0
-1663.0
-1939.0
5024.0
-224.0
-7862.0
-4984.0
2749.0
1080.0
-1535.0
-908.0
2211.0
909.0
1937.0
-5089.0
-4028.0
4015.0
1307.0
4354.0
-99.0
-3327.0
484.0
3930.0
1050.0
6028.0
1981.0
-768.0
1675.0
1194.0
1003.0
1792.0
389.0
4612.0
2096.0
378.0
-2776.0
2345.0
147.0
2729.0
1578.0
-3935.0
2558.0
3514.0
2035.0
-3708.0
4087.0
740.0
1005.0
4096.0
741.0
5066.0
2338.0
-980.0
789.0
-1515.0
1696.0
-2012.0
-4233.0
-3822.0
692.0
-5777.0
-1714.0
1922.0
-1460.0
4733.0
-3208.0
-7983.0
-2491.0
2386.0
-7400.0
-2723.0
-3780.0
-3208.0
-1595.0
-828.0
-1762.0
-538.0
216.0
-3091.0
2068.0
-9879.0
-2276.0
-2604.0
39.0
-1279.0
1050.0
2731.0
-4917.0
3321.0
3877.0
-1143.0
3616.0
244.0
-2027.0
-6524.0
5558.0
-774.0
-2413.0
-6281.0
4784.0
-4101.0
1856.0
-4560.0
55.0
5442.0
-7307.0
1487.0
2924.0
5350.0
3582.0
3041.0
-4877.0
596.0
630.0
-4763.0
-697.0
944.0
896.0
-1135.0
-1053.0
2275.0
677.0
146.0
-704.0
941.0
3710.0
2632.0
-3577.0
1822.0
5871.0
-1354.0
-1890.0
-1913.0
-1230.0
1330.0
-2011.0
2425.0
125.0
-4274.0
-546.0
2486.0
-2479.0
855.0
-7487.0
-267.0
-3191.0
244.0
-4739.0
-1324.0
-1313.0
260.0
3641.0
819.0
-3474.0
-395.0
4413.0
1814.0
198.0
2796.0
-1097.0
471.0
-6294.0
3113.0
3510.0
3196.0
-2763.0
1278.0
4524.0
-1987.0
-3138.0
-316.0
-1004.0
1055.0
2228.0
2442.0
1023.0
-5188.0
3069.0
-4100.0
-1075.0
-1392.0
2426.0
1641.0
4186.0
2304.0
-4943.0
2588.0
-1146.0
-1295.0
434.0
-5607.0
2461.0
-680.0
2316.0
1514.0
-4475.0
-2637.0
-768.0
6663.0
-6275.0
-1700.0
6329.0
-5913.0
-1925.0
1086.0
-6608.0
7095.0
626.0
4981.0
-5201.0
1297.0
-954.0
-1202.0
3653.0
-1868.0
3835.0
-719.0
3255.0
-3713.0
1355.0
743.0
-1480.0
-4821.0
-1562.0
-231.0
-4812.0
2671.0
-1827.0
-1430.0
-1537.0
-4843.0
1021.0
2097.0
4544.0
760.0
-1632.0
559.0
-3940.0
-3849.0
-2351.0
2018.0
1152.0
-56.0
390.0
-271.0
3002.0
2876.0
-4401.0
-1756.0
-3600.0
-1630.0
5030.0
-3402.0
-1341.0
-5171.0
3846.0
-3317.0
293.0
-4319.0
4939.0
6115.0
-167.0
3032.0
4465.0
2315.0
-3151.0
-4381.0
-2136.0
-1032.0
-2194.0
4074.0
7367.0
-2106.0
-3140.0
-4709.0
-2201.0
3963.0
-4916.0
867.0
-1632.0
47.0
2465.0
2411.0
-2355.0
5617.0
1619.0
693.0
1722.0
-3570.0
-4989.0
162.0
-646.0
-577.0
-129.0
4752.0
2520.0
542.0
5619.0
2618.0
5484.0
1536.0
-2298.0
1551.0
387.0
-1243.0
7457.0
3877.0
2027.0
-2432.0
133.0
-171.0
3433.0
-2327.0
6298.0
6338.0
872.0
3967.0
-5359.0
-106.0
-3863.0
3851.0
2813.0
5997.0
-291.0
2178.0
2697.0
-1014.0
1243.0
-2281.0
-1260.0
-3147.0
10998.0
-2869.0
2358.0
-6212.0
6970.0
1868.0
1667.0
905.0
931.0
4013.0
2017.0
-2188.0
-1952.0
-4480.0
450.0
-418.0
-1972.0
960.0
-1204.0
-3218.0
-2506.0
970.0
7067.0
3596.0
665.0
9492.0
4293.0
-2433.0
-3491.0
-3439.0
-1677.0
-2527.0
5966.0
-113.0
-2988.0
-4363.0
3502.0
-1387.0
1738.0
-437.0
-2629.0
-1376.0
4260.0
1948.0
-2374.0
-6436.0
-520.0
-90.0
5198.0
-1841.0
9544.0
-437.0
7587.0
9725.0
-366.0
3287.0
748.0
10.0
3461.0
-2763.0
5318.0
4287.0
4956.0
-619.0
-1420.0
6503.0
3524.0
252.0
982.0
4644.0
8966.0
-3320.0
550.0
-2680.0
-1577.0
4470.0
-4442.0
1398.0
-2840.0
3581.0
-455.0
3278.0
-4514.0
-3187.0
2292.0
3546.0
-3648.0
2042.0
7239.0
2222.0
3629.0
3947.0
4259.0
2202.0
-4880.0
1993.0
1626.0
-6529.0
1700.0
3042.0
-3428.0
5469.0
482.0
221.0
32.0
4971.0
2590.0
-2402.0
4933.0
844.0
-105.0
-7328.0
141.0
-78.0
-1348.0
5603.0
1148.0
-2478.0
-3225.0
-7609.0
1558.0
-1423.0
1239.0
-921.0
2894.0
-1927.0
-591.0
-3004.0
-4157.0
1485.0
-400.0
2423.0
4355.0
-4762.0
1505.0
-3668.0
-5763.0
1269.0
-3879.0
-2887.0
2791.0
-224.0
-721.0
-2008.0
-5765.0
592.0
2158.0
6892.0
1680.0
-16.0
1841.0
-3128.0
-204.0
2714.0
-2610.0
3933.0
-1204.0
-300.0
-296.0
-3105.0
-2305.0
-971.0
-3180.0
1153.0
-2252.0
-1412.0
-3599.0
-6503.0
-215.0
642.0
-1129.0
1927.0
-2661.0
574.0
-5194.0
-4145.0
4343.0
-1471.0
627.0
6297.0
-1157.0
2706.0
-470.0
1268.0
-2702.0
-1607.0
-2588.0
-1760.0
2473.0
-6605.0
744.0
674.0
2345.0
-1088.0
-1441.0
-3684.0
2687.0
-5569.0
-1685.0
-828.0
109.0
-1909.0
759.0
2109.0
-2750.0
-4042.0
3020.0
-318.0
913.0
-2104.0
2132.0
687.0
818.0
-2794.0
-1376.0
1940.0
-1911.0
-1290.0
1087.0
1664.0
-6004.0
-3370.0
-3597.0
-4590.0
-859.0
3945.0
4607.0
3877.0
2808.0
-5158.0
5068.0
-1098.0
8083.0
-3205.0
4269.0
3123.0
1199.0
-1682.0
-1786.0
-2767.0
501.0
381.0
-1761.0
1017.0
-7373.0
-2976.0
-876.0
-6135.0
582.0
6071.0
-4650.0
-940.0
-105.0
2893.0
3654.0
17.0
-131.0
877.0
1991.0
5195.0
209.0
-37.0
4116.0
-25.0
6101.0
2626.0
212.0
-1757.0
-5932.0
114.0
6140.0
2311.0
-291.0
2034.0
1993.0
414.0
-3745.0
6322.0
5088.0
-5253.0
-1086.0
-499.0
-4696.0
956.0
1884.0
3788.0
-1112.0
1993.0
4580.0
1686.0
-2551.0
-1594.0
-370.0
1829.0
-2838.0
710.0
-2151.0
-2095.0
-3332.0
940.0
1660.0
6550.0
-4742.0
-3511.0
-2075.0
3648.0
1442.0
344.0
-2194.0
-2367.0
-1745.0
-3670.0
-2084.0
-2474.0
725.0
-2244.0
-2262.0
-3679.0
1660.0
1017.0
7331.0
6385.0
745.0
-3794.0
1635.0
-2567.0
2894.0
-6453.0
97.0
2089.0
-1480.0
-165.0
-677.0
4960.0
-603.0
3652.0
-6502.0
2646.0
1008.0
-4017.0
897.0
-7778.0
-2197.0
421.0
-1068.0
2188.0
-6409.0
-2351.0
1592.0
2302.0
-3395.0
-1285.0
-4483.0
-3244.0
-4208.0
4262.0
3448.0
-3679.0
-3977.0
-802.0
1685.0
305.0
-538.0
-10098.0
4892.0
-1493.0
871.0
-547.0
-2985.0
-2718.0
600.0
-7619.0
-3554.0
-3736.0
-1389.0
-1528.0
-2795.0
-7133.0
-322.0
-6431.0
-5554.0
-3956.0
1387.0
-4383.0
-2991.0
3499.0
-5962.0
2215.0
-99.0
-1152.0
-3209.0
4704.0
80.0
-1525.0
1536.0
-1589.0
-2380.0
-571.0
3786.0
-8423.0
648.0
-3862.0
445.0
1167.0
-5754.0
-8705.0
-7207.0
-3948.0
2145.0
-331.0
225.0
2696.0
6266.0
3049.0
-2789.0
-733.0
1215.0
-3984.0
3376.0
285.0
1454.0
1070.0
-349.0
-6231.0
-7028.0
5638.0
-1397.0
3585.0
-1409.0
-1879.0
-334.0
-5102.0
2661.0
-210.0
821.0
-639.0
-1749.0
-1926.0
379.0
-3197.0
1337.0
5525.0
4065.0
-86.0
-11137.0
-6068.0
500.0
2620.0
3163.0
7345.0
199.0
-4707.0
-150.0
-1742.0
-3487.0
-5135.0
1977.0
-1398.0
-669.0
2200.0
2136.0
3818.0
-4190.0
3266.0
3191.0
-1712.0
-2507.0
-4153.0
-145.0
2831.0
-2976.0
3755.0
-7087.0
5314.0
-677.0
-3205.0
1090.0
1011.0
874.0
124.0
1267.0
-2024.0
-936.0
1055.0
1638.0
2970.0
-470.0
2776.0
-4863.0
-3015.0
6164.0
1402.0
-4187.0
-3584.0
509.0
2147.0
7241.0
-3289.0
946.0
707.0
-6753.0
-3284.0
6003.0
1010.0
-6631.0
1861.0
-3552.0
1749.0
-554.0
-4733.0
-1542.0
-1223.0
4097.0
2008.0
5722.0
286.0
1479.0
4797.0
2404.0
2145.0
-1039.0
784.0
549.0
6585.0
-4293.0
-1376.0
-3923.0
-2902.0
1148.0
-2153.0
-2715.0
3070.0
1808.0
2138.0
-2040.0
-7150.0
1191.0
-4042.0
1913.0
3869.0
-5624.0
-1530.0
5263.0
1796.0
-190.0
1429.0
2553.0
-788.0
2580.0
3318.0
-1277.0
-3262.0
2496.0
4784.0
1789.0
7051.0
-4148.0
1132.0
2252.0
-1290.0
-406.0
2591.0
-445.0
-1424.0
-3527.0
194.0
-2071.0
-2665.0
-6214.0
-3334.0
822.0
2584.0
-4717.0
547.0
2956.0
-337.0
-2361.0
2643.0
-6327.0
-1208.0
3689.0
-4640.0
-6632.0
6520.0
-383.0
-6319.0
-4522.0
-241.0
467.0
-2825.0
6042.0
-882.0
525.0
-2739.0
-7483.0
-1359.0
4672.0
5801.0
2205.0
-1885.0
88.0
741.0
5295.0
348.0
-203.0
-666.0
2450.0
2362.0
3913.0
4669.0
3457.0
125.0
1598.0
-1248.0
-3870.0
-5128.0
-3169.0
-803.0
-512.0
2519.0
-1820.0
-562.0
3412.0
-362.0
2102.0
-1205.0
-2775.0
-2383.0
-378.0
596.0
-11004.0
-548.0
1769.0
1157.0
262.0
2269.0
-2790.0
-2796.0
-2235.0
-2331.0
-2565.0
-3800.0
3708.0
2057.0
-1020.0
2322.0
-1023.0
-1470.0
1397.0
-68.0
5078.0
2771.0
-3035.0
-1738.0
2080.0
-1444.0
-990.0
-5630.0
-3191.0
3658.0
-2825.0
-1041.0
-1401.0
3689.0
-3750.0
-3304.0
7889.0
-564.0
-107.0
-1173.0
-3863.0
4207.0
-5764.0
-3683.0
-4548.0
-2068.0
-390.0
2926.0
298.0
272.0
4162.0
-2641.0
-908.0
-1724.0
-51.0
2434.0
1084.0
-1329.0
768.0
-1610.0
2485.0
1545.0
828.0
3990.0
1406.0
-7795.0
-181.0
-558.0
-3322.0
-1407.0
457.0
-4470.0
-2552.0
-5585.0
-2048.0
-7660.0
-1336.0
612.0
4549.0
-576.0
4896.0
541.0
6069.0
2773.0
560.0
-286.0
2028.0
-1180.0
-1268.0
2405.0
1101.0
652.0
-2516.0
-2183.0
-4275.0
910.0
-4333.0
1968.0
4360.0
132.0
-475.0
770.0
6347.0
2065.0
-6839.0
-2154.0
1107.0
3631.0
2595.0
-4637.0
851.0
-2075.0
-2798.0
-1229.0
2207.0
-4069.0
2748.0
-2428.0
-1075.0
-2812.0
-90.0
5918.0
-1450.0
-2087.0
622.0
2278.0
-3592.0
146.0
2506.0
-137.0
-3456.0
4933.0
-385.0
4114.0
4545.0
4476.0
-5101.0
-665.0
-2911.0
-5473.0
474.0
-990.0
-1397.0
-5113.0
2179.0
-389.0
1154.0
-2157.0
-6468.0
6154.0
4148.0
-2265.0
-2059.0
5355.0
3382.0
3961.0
2920.0
-4860.0
-1858.0
73.0
-2764.0
-222.0
1471.0
1262.0
-2846.0
4113.0
-1548.0
-832.0
-2178.0
-6588.0
-380.0
-3604.0
-349.0
-2568.0
3610.0
-416.0
4865.0
-4107.0
-1528.0
1404.0
-405.0
391.0
409.0
-3202.0
-2491.0
4331.0
-5163.0
-5667.0
852.0
-770.0
-274.0
-629.0
5937.0
-7803.0
-1774.0
6733.0
2614.0
-3773.0
-141.0
-2653.0
-2468.0
590.0
-5834.0
1675.0
3815.0
911.0
1094.0
-3260.0
-6235.0
-253.0
-1614.0
-2715.0
-4201.0
2976.0
-818.0
-256.0
3519.0
-7723.0
-1186.0
1135.0
5342.0
921.0
-3499.0
1383.0
7329.0
3250.0
3911.0
-3093.0
1334.0
5984.0
-288.0
-698.0
42.0
74.0
-2046.0
6087.0
332.0
2102.0
244.0
1249.0
1661.0
309.0
134.0
-6874.0
1511.0
-4066.0
-2647.0
3444.0
-1302.0
-997.0
-4080.0
-10766.0
-2625.0
4140.0
-3790.0
-1334.0
-4576.0
-720.0
1821.0
2692.0
3960.0
-1640.0
-1459.0
192.0
-914.0
3875.0
816.0
-4855.0
-732.0
1461.0
1186.0
3376.0
-1373.0
1319.0
2511.0
5212.0
-2156.0
-2075.0
569.0
3396.0
2040.0
-5459.0
4160.0
2251.0
-1090.0
1659.0
474.0
-3432.0
-3727.0
3338.0
-7285.0
3106.0
974.0
1056.0
-1809.0
-2956.0
-3922.0
-3322.0
-4756.0
-1636.0
3173.0
269.0
-4716.0
-3137.0
-2181.0
2993.0
4395.0
2788.0
6677.0
-2581.0
-755.0
2803.0
3629.0
-3838.0
3754.0
-636.0
1233.0
271.0
-2637.0
1980.0
-2365.0
-1062.0
760.0
-175.0
1286.0
-5728.0
-4291.0
-2194.0
527.0
377.0
-1596.0
8055.0
-4667.0
5048.0
-1545.0
3785.0
4243.0
4079.0
-164.0
1076.0
3119.0
3130.0
-2327.0
-1203.0
-1965.0
-2347.0
-483.0
5816.0
-2268.0
-779.0
-1549.0
1428.0
1377.0
8134.0
4081.0
296.0
4335.0
-2311.0
-2493.0
-2339.0
-315.0
3101.0
-5516.0
293.0
-3064.0
-1814.0
-2666.0
-1055.0
2780.0
567.0
2033.0
5101.0
-840.0
-2939.0
-1680.0
-1727.0
5051.0
1212.0
-6691.0
-2972.0
1101.0
1613.0
918.0
-707.0
1910.0
4505.0
-196.0
6773.0
1321.0
-6404.0
-2856.0
7431.0
-908.0
2355.0
7882.0
-637.0
4915.0
622.0
-1984.0
3622.0
-2931.0
673.0
3190.0
-823.0
4936.0
-619.0
-7091.0
43.0
-2648.0
-1521.0
-6592.0
-5503.0
614.0
-6052.0
-1031.0
7812.0
281.0
-593.0
-281.0
-1406.0
-4372.0
-4035.0
-524.0
5430.0
-1430.0
-2209.0
4330.0
-2096.0
-3722.0
-4536.0
-4275.0
-4273.0
-4749.0
5988.0
1194.0
1239.0
4684.0
2736.0
3312.0
-1036.0
1723.0
-3623.0
1892.0
-1974.0
-4335.0
-1567.0
-3905.0
1626.0
2039.0
488.0
-1687.0
2426.0
916.0
3810.0
4923.0
-835.0
-2775.0
4940.0
5810.0
6406.0
-37.0
-2660.0
6021.0
6996.0
-3378.0
5178.0
-2324.0
3754.0
3153.0
-2970.0
2583.0
1557.0
367.0
-3225.0
747.0
-745.0
-7312.0
-2770.0
1612.0
2912.0
-462.0
536.0
2282.0
6508.0
3226.0
1549.0
-7969.0
270.0
-674.0
-3200.0
520.0
6488.0
-2251.0
-3666.0
4292.0
5718.0
-2817.0
-3553.0
-869.0
2295.0
-5379.0
4854.0
2248.0
2378.0
-1347.0
3670.0
-559.0
2986.0
-1151.0
1607.0
-1060.0
926.0
3603.0
-667.0
-858.0
-1086.0
-5896.0
1239.0
-1901.0
-5921.0
-1644.0
-138.0
-5163.0
2156.0
2600.0
-5927.0
3840.0
1241.0
951.0
-378.0
776.0
327.0
2604.0
2309.0
6986.0
706.0
-394.0
3870.0
7639.0
2888.0
3499.0
2583.0
-2517.0
-3957.0
3830.0
-5441.0
399.0
-3257.0
-75.0
1018.0
1747.0
2729.0
-5771.0
3534.0
2593.0
-3805.0
-4211.0
2451.0
-2372.0
-2462.0
-1850.0
673.0
3408.0
-4997.0
-6356.0
-9233.0
8017.0
5872.0
1835.0
-3059.0
62.0
4394.0
-518.0
-3663.0
2873.0
5571.0
-9051.0
1829.0
-2366.0
-1220.0
1619.0
-297.0
-1414.0
-1882.0
-155.0
3252.0
5851.0
1067.0
-5062.0
-3906.0
-1980.0
3778.0
-1665.0
3793.0
447.0
-3803.0
189.0
-1134.0
-5287.0
-175.0
563.0
1951.0
4212.0
4848.0
-2413.0
-488.0
1600.0
2468.0
-6966.0
5570.0
2127.0
-4292.0
-2288.0
3635.0
1702.0
-787.0
509.0
-1153.0
2473.0
-3138.0
5736.0
1554.0
5310.0
-2072.0
-1827.0
2044.0
-1470.0
2566.0
-1400.0
-1400.0
489.0
-1380.0
1424.0
1314.0
-1779.0
4144.0
-639.0
4922.0
-1927.0
-1053.0
-3903.0
294.0
-3387.0
3065.0
-5448.0
1032.0
-715.0
5164.0
-4852.0
1046.0
-4021.0
-2018.0
9230.0
-1346.0
-196.0
8486.0
-236.0
903.0
2021.0
-1560.0
-2865.0
4710.0
-20.0
-3547.0
2500.0
4378.0
-1127.0
3339.0
3331.0
5335.0
6.0
-190.0
4477.0
3032.0
-3576.0
-2673.0
4196.0
-1333.0
-3521.0
5718.0
8096.0
-3757.0
116.0
3162.0
1622.0
-1298.0
-2174.0
2723.0
37.0
4480.0
-196.0
5907.0
248.0
191.0
470.0
-1012.0
4911.0
6285.0
2525.0
1010.0
-5811.0
-905.0
-3890.0
4032.0
5299.0
4756.0
-956.0
-3306.0
-2234.0
661.0
464.0
-469.0
2902.0
2213.0
-3396.0
2049.0
3685.0
5363.0
5689.0
-3063.0
-1298.0
-4525.0
-643.0
3462.0
-3335.0
2982.0
7080.0
633.0
2179.0
-3872.0
2357.0
3025.0
1198.0
-1990.0
-2353.0
-1460.0
-915.0
3315.0
-381.0
1741.0
1323.0
-3560.0
5112.0
-913.0
-1523.0
2578.0
4045.0
858.0
-692.0
-5187.0
-3420.0
7201.0
727.0
2239.0
-3178.0
-246.0
-3462.0
-2440.0
2969.0
-7125.0
3099.0
3783.0
3880.0
-920.0
828.0
-3797.0
-1710.0
-3400.0
-2207.0
1740.0
1250.0
1335.0
-5242.0
-238.0
400.0
2853.0
3438.0
-583.0
-806.0
3189.0
-3082.0
-993.0
1022.0
1595.0
-668.0
-5179.0
-2551.0
3101.0
610.0
462.0
-3608.0
5200.0
-3088.0
593.0
7420.0
-2309.0
9925.0
-3327.0
816.0
4886.0
2266.0
-1786.0
-5998.0
-4625.0
-3079.0
-3378.0
-1174.0
-175.0
-444.0
-5562.0
2158.0
6033.0
1455.0
860.0
-1448.0
-943.0
782.0
-1024.0
-1089.0
-2097.0
-5358.0
626.0
77.0
-2092.0
-2551.0
-1327.0
3232.0
-1329.0
-1834.0
3600.0
-1134.0
323.0
-442.0
6340.0
2101.0
914.0
-216.0
3921.0
-2553.0
-2015.0
2548.0
1232.0
-5364.0
1380.0
5325.0
-99.0
1732.0
3966.0
1451.0
-591.0
-513.0
1252.0
-5512.0
4744.0
8470.0
1971.0
-1969.0
-2887.0
-67.0
-3849.0
-840.0
-1392.0
-5321.0
-8238.0
988.0
-3137.0
-1055.0
3736.0
1351.0
1160.0
-951.0
-2537.0
-1237.0
4934.0
2241.0
3078.0
-2102.0
4293.0
-1133.0
-825.0
1682.0
1574.0
4172.0
434.0
165.0
-2846.0
-3972.0
-173.0
-3664.0
-3840.0
-848.0
3686.0
144.0
-1269.0
4123.0
2412.0
2826.0
-5610.0
-6682.0
-5316.0
3662.0
2802.0
1218.0
-1443.0
904.0
-3684.0
133.0
191.0
-7899.0
-824.0
-546.0
-7813.0
-5370.0
-1328.0
-266.0
-2353.0
-887.0
4364.0
-2237.0
2363.0
6763.0
284.0
2765.0
-2805.0
1207.0
-198.0
1996.0
-1257.0
4246.0
1273.0
12.0
-176.0
1098.0
4192.0
-6237.0
1073.0
1080.0
-3964.0
2775.0
5688.0
4662.0
1090.0
1644.0
-186.0
-5317.0
609.0
-4028.0
-3256.0
-5541.0
-2385.0
-293.0
386.0
-3029.0
-2912.0
8699.0
-6738.0
1573.0
1306.0
-2128.0
-4389.0
-1062.0
1835.0
-4037.0
-2051.0
-1284.0
-1621.0
-2780.0
-7038.0
1154.0
-7943.0
846.0
-2087.0
491.0
342.0
-414.0
3804.0
1387.0
-1150.0
3045.0
665.0
1962.0
-946.0
-3217.0
-2220.0
979.0
8934.0
-2447.0
2141.0
-5747.0
78.0
3503.0
338.0
-7970.0
340.0
-2646.0
3572.0
9135.0
-1859.0
966.0
-47.0
-3216.0
4410.0
-1771.0
-1268.0
121.0
-3392.0
1766.0
-3870.0
1764.0
-2755.0
-356.0
-1613.0
-4109.0
-633.0
-181.0
2712.0
4472.0
-1057.0
-1548.0
1987.0
1513.0
-5345.0
706.0
-2327.0
1158.0
1010.0
-516.0
3114.0
-498.0
-288.0
-4429.0
6350.0
3204.0
-498.0
2907.0
-2286.0
4418.0
-3049.0
2636.0
915.0
-1315.0
-1489.0
756.0
286.0
-2971.0
-2575.0
-39.0
-7705.0
-700.0
225.0
663.0
-1547.0
1246.0
2225.0
5557.0
-362.0
-1947.0
4610.0
1963.0
3880.0
1847.0
5048.0
4796.0
-846.0
-136.0
2130.0
1775.0
-1531.0
-3195.0
-1373.0
8553.0
4846.0
677.0
-709.0
2004.0
-5066.0
133.0
-4282.0
1925.0
-3534.0
1660.0
-6232.0
-1.0
-3019.0
-1483.0
-2217.0
-2403.0
1893.0
4407.0
3896.0
607.0
-1152.0
3453.0
-3063.0
4934.0
2873.0
3275.0
4120.0
-6479.0
4147.0
-4495.0
2633.0
-4480.0
-136.0
4441.0
3619.0
3063.0
779.0
4477.0
-1242.0
1361.0
3794.0
-4777.0
-1230.0
-2011.0
-2640.0
-4334.0
637.0
-3737.0
-523.0
-2693.0
-326.0
-1700.0
-53.0
-2494.0
-4892.0
3190.0
5705.0
-3028.0
-3656.0
-1982.0
1202.0
-939.0
-4909.0
7060.0
-1947.0
877.0
1311.0
-1110.0
-6731.0
14.0
-2206.0
-2510.0
-387.0
1690.0
3962.0
-5258.0
-2031.0
2584.0
-427.0
-6185.0
-3577.0
-8059.0
4199.0
179.0
-2910.0
2258.0
6576.0
2239.0
-6688.0
41.0
-2938.0
-1121.0
-3659.0
1296.0
-1162.0
829.0
-2024.0
-2595.0
-4347.0
23.0
3398.0
-1050.0
-1778.0
2500.0
-3504.0
-7122.0
-2060.0
6876.0
894.0
-906.0
-1331.0
4302.0
5828.0
1070.0
6823.0
-1752.0
1415.0
1779.0
696.0
-1707.0
-3394.0
-318.0
-5457.0
-96.0
1003.0
-2475.0
6100.0
1113.0
-1430.0
150.0
-616.0
-1380.0
-2857.0
-4467.0
2854.0
1414.0
6674.0
2553.0
525.0
-2102.0
2661.0
3186.0
4188.0
9.0
7843.0
-138.0
2584.0
-2628.0
-2135.0
-3954.0
5271.0
-3131.0
849.0
-3606.0
-3074.0
4027.0
199.0
900.0
6449.0
928.0
3391.0
-866.0
1138.0
1790.0
4938.0
-8274.0
2080.0
-3431.0
-424.0
-4273.0
-2642.0
37.0
-2630.0
-2118.0
-70.0
3307.0
-886.0
4275.0
1730.0
-4949.0
3932.0
-4987.0
-1411.0
1669.0
213.0
5613.0
-3563.0
-2938.0
326.0
2602.0
210.0
4459.0
1403.0
-8021.0
2876.0
411.0
-369.0
-3124.0
8033.0
-4687.0
3646.0
2478.0
905.0
-3469.0
7104.0
-263.0
-7059.0
4901.0
-2592.0
-2115.0
3972.0
3871.0
-121.0
6620.0
7847.0
-8525.0
-7623.0
4526.0
-4609.0
-2358.0
-4565.0
81.0
-3938.0
696.0
-52.0
-963.0
-2702.0
158.0
2202.0
115.0
1756.0
-3222.0
27.0
1207.0
-6986.0
-6988.0
4473.0
-166.0
-1109.0
1403.0
2800.0
-255.0
-2879.0
734.0
3336.0
2004.0
4015.0
3091.0
3475.0
3367.0
-3995.0
-542.0
-6364.0
1715.0
2810.0
521.0
-1836.0
4399.0
-4307.0
-1729.0
5699.0
-701.0
-1988.0
2783.0
3399.0
-3545.0
1072.0
-1669.0
7808.0
-1870.0
-7474.0
-5292.0
769.0
44.0
-338.0
1923.0
181.0
3541.0
-8.0
-937.0
4033.0
2431.0
1467.0
-5048.0
-5613.0
2216.0
-3093.0
6024.0
2829.0
-2187.0
5704.0
4612.0
-1235.0
210.0
-1976.0
-106.0
-1743.0
-738.0
-1439.0
-1525.0
2386.0
-5358.0
-2586.0
-1533.0
-6465.0
-886.0
-1200.0
144.0
-3490.0
3294.0
3565.0
5767.0
599.0
-8521.0
1628.0
1135.0
-3985.0
7790.0
-1512.0
276.0
-2289.0
429.0
-20.0
-138.0
1535.0
4821.0
924.0
-451.0
-1428.0
2747.0
-2317.0
-223.0
-2097.0
-6826.0
396.0
3768.0
-2240.0
2377.0
-2799.0
115.0
2771.0
-368.0
184.0
-1036.0
-2025.0
-2778.0
871.0
1806.0
-33.0
-899.0
-2041.0
-1915.0
-2370.0
77.0
-1555.0
5631.0
-4616.0
572.0
1743.0
4323.0
-2876.0
580.0
650.0
-2601.0
4381.0
2797.0
2681.0
-799.0
-92.0
2888.0
860.0
2047.0
-4439.0
5577.0
717.0
1845.0
4912.0
2030.0
-2558.0
-1113.0
2464.0
-5530.0
-3376.0
4129.0
-4689.0
-2733.0
-1243.0
2911.0
-1005.0
-5025.0
3520.0
-5454.0
-5153.0
-2232.0
3487.0
5320.0
2138.0
-1989.0
1482.0
2746.0
-1206.0
-6405.0
-2706.0
-2160.0
2875.0
-5135.0
4334.0
1837.0
-4383.0
1644.0
1247.0
6946.0
4911.0
1718.0
1749.0
-3906.0
-2289.0
2081.0
-7263.0
-1994.0
6549.0
-3844.0
-5665.0
-1164.0
604.0
3536.0
-409.0
4588.0
3041.0
-1755.0
1628.0
4861.0
4120.0
-6867.0
-934.0
-315.0
-745.0
-2593.0
3864.0
-10831.0
3771.0
2045.0
-2331.0
-361.0
2566.0
742.0
3431.0
2776.0
-5400.0
470.0
-3778.0
376.0
-4213.0
2221.0
407.0
-3807.0
-4691.0
-1264.0
-5522.0
-5446.0
-1238.0
-3266.0
-531.0
174.0
2884.0
-1136.0
-3527.0
169.0
-4287.0
-5692.0
2967.0
-4560.0
1365.0
4902.0
-2658.0
-3787.0
2379.0
-4235.0
-5580.0
678.0
2918.0
-2689.0
2131.0
4491.0
368.0
-2991.0
1457.0
5730.0
-2245.0
1964.0
-4380.0
-133.0
3469.0
1999.0
1372.0
-3907.0
-1920.0
5235.0
994.0
-2305.0
4699.0
-5453.0
-1587.0
-3497.0
2385.0
-3212.0
1237.0
3404.0
-1450.0
-8078.0
3368.0
-5947.0
-1053.0
-3249.0
-4446.0
-3947.0
-2802.0
-1010.0
3462.0
1717.0
-3139.0
-3044.0
653.0
-2409.0
5738.0
-1679.0
-1968.0
1162.0
-4463.0
-717.0
4762.0
5464.0
3855.0
847.0
-3200.0
1463.0
-1963.0
-41.0
-5779.0
3395.0
3236.0
447.0
7988.0
720.0
-5465.0
1279.0
4531.0
552.0
-5769.0
2343.0
1569.0
-3786.0
-3865.0
893.0
3312.0
930.0
5087.0
2095.0
-4733.0
-3004.0
1045.0
144.0
-6948.0
4836.0
4439.0
-1993.0
2650.0
1409.0
-1967.0
-3783.0
3292.0
-861.0
-207.0
6485.0
-2526.0
521.0
-6555.0
488.0
685.0
-178.0
1114.0
-4397.0
2042.0
2843.0
1658.0
3610.0
4280.0
388.0
-5495.0
-100.0
-3973.0
-3379.0
3438.0
-549.0
3018.0
610.0
5981.0
5246.0
-895.0
836.0
-2649.0
-1344.0
353.0
-2286.0
-847.0
4907.0
-1279.0
-2792.0
-3821.0
8714.0
2029.0
-1521.0
-7304.0
7134.0
-2079.0
617.0
2746.0
-702.0
1639.0
100.0
2576.0
-812.0
2560.0
-903.0
324.0
-3578.0
7038.0
2432.0
6317.0
-1562.0
332.0
-5284.0
1302.0
638.0
-1562.0
578.0
-1369.0
672.0
2921.0
-2283.0
-1002.0
-2977.0
4958.0
2023.0
5162.0
-1079.0
-1591.0
-3526.0
976.0
-300.0
-1539.0
-3861.0
3568.0
5389.0
-968.0
-47.0
-1306.0
3728.0
2336.0
-6970.0
-859.0
439.0
4254.0
585.0
-880.0
1474.0
-3441.0
-3126.0
-536.0
-1087.0
1071.0
-5352.0
-1137.0
-4319.0
-497.0
1172.0
-2972.0
5343.0
-648.0
4013.0
-1932.0
2440.0
-43.0
3645.0
3833.0
-330.0
4684.0
-1169.0
452.0
-1902.0
-47.0
2097.0
-196.0
3982.0
-439.0
-6039.0
498.0
1133.0
1173.0
-2096.0
-1426.0
-2082.0
116.0
-4761.0
1509.0
2585.0
3353.0
-3057.0
-2035.0
1567.0
-357.0
2509.0
-1381.0
3514.0
-2471.0
3543.0
-409.0
2751.0
-4559.0
6348.0
2846.0
-2433.0
2054.0
1804.0
-2121.0
-1716.0
-2470.0
-4340.0
-3416.0
2846.0
4503.0
-3165.0
2161.0
1803.0
4981.0
7535.0
8329.0
-1486.0
1672.0
2874.0
-161.0
-1346.0
-289.0
1974.0
613.0
1484.0
5883.0
-4270.0
-1056.0
-4737.0
-1597.0
408.0
48.0
-1560.0
-1450.0
1579.0
5370.0
-2080.0
3042.0
-1152.0
7230.0
-5216.0
-180.0
2803.0
921.0
2219.0
2597.0
-1138.0
2196.0
-8487.0
4065.0
-4585.0
2437.0
-3302.0
-3887.0
-3045.0
-9487.0
584.0
-2308.0
-670.0
4519.0
3016.0
1250.0
206.0
1115.0
2946.0
-6446.0
-3648.0
-3677.0
-380.0
4870.0
4809.0
7931.0
-4819.0
-128.0
-1170.0
-404.0
-4655.0
5288.0
-4260.0
2232.0
492.0
4193.0
3869.0
1360.0
1651.0
3595.0
7661.0
-1538.0
2453.0
-6046.0
-3631.0
668.0
-4635.0
262.0
-1559.0
-1814.0
5.0
-3985.0
4686.0
601.0
2456.0
649.0
-2321.0
-5365.0
732.0
-5502.0
3753.0
4619.0
-1234.0
-82.0
5437.0
-2123.0
2694.0
-8663.0
1225.0
-2681.0
-1406.0
552.0
-5199.0
-3808.0
-5066.0
2198.0
-2095.0
2912.0
-3944.0
4113.0
839.0
3387.0
446.0
-4962.0
3154.0
-1567.0
2014.0
-291.0
-2816.0
4340.0
2257.0
-1180.0
-2226.0
3599.0
-4895.0
2072.0
6079.0
-5809.0
-1080.0
-4724.0
-2754.0
5572.0
-3600.0
-2229.0
615.0
-2508.0
-6018.0
-5354.0
-175.0
-181.0
1535.0
5172.0
1342.0
-3594.0
925.0
-2156.0
-2835.0
1312.0
277.0
-822.0
1711.0
-1120.0
479.0
4838.0
6104.0
-4656.0
-913.0
3701.0
4303.0
621.0
-920.0
-3172.0
852.0
3729.0
-128.0
213.0
3870.0
-1785.0
2128.0
3513.0
-470.0
-2354.0
495.0
2361.0
1545.0
2626.0
-3137.0
-1877.0
-2761.0
-2406.0
-1248.0
-5899.0
3471.0
253.0
742.0
-1773.0
-1142.0
-2287.0
-2426.0
-2511.0
3255.0
5166.0
-5035.0
4496.0
-9612.0
12.0
-6538.0
-2660.0
3151.0
5023.0
1725.0
3839.0
-2908.0
1937.0
-2785.0
-1702.0
-642.0
-1232.0
-132.0
-1269.0
430.0
293.0
-1652.0
-5448.0
-6167.0
-3786.0
-4196.0
1257.0
441.0
1961.0
-1105.0
-4476.0
3495.0
-3807.0
-1706.0
-650.0
-1665.0
3914.0
897.0
-1908.0
252.0
1086.0
-913.0
-151.0
-867.0
-1837.0
4417.0
-3810.0
-1125.0
4850.0
-6952.0
-1776.0
1901.0
3592.0
-4549.0
1587.0
-124.0
-2282.0
-2782.0
-2334.0
1260.0
-1068.0
1062.0
748.0
2384.0
2042.0
1611.0
-4641.0
-4814.0
-4494.0
-923.0
-5199.0
4232.0
-5256.0
568.0
-4658.0
1093.0
7779.0
1005.0
2120.0
3288.0
-3472.0
3202.0
-6288.0
-224.0
5909.0
5620.0
-1559.0
1086.0
129.0
-1727.0
6081.0
2033.0
1836.0
690.0
-137.0
-2626.0
-1679.0
-1363.0
2965.0
-951.0
4867.0
-4662.0
-2180.0
1441.0
2108.0
448.0
4878.0
112.0
3532.0
3435.0
-1600.0
262.0
-445.0
-984.0
-224.0
3097.0
-1608.0
-1626.0
-979.0
-2709.0
2195.0
3066.0
-1849.0
-2943.0
-1897.0
-56.0
4809.0
-2602.0
-3672.0
3598.0
3474.0
-4304.0
-1416.0
-1849.0
786.0
3329.0
188.0
958.0
7194.0
-6989.0
-968.0
2460.0
-271.0
-5646.0
3153.0
4443.0
-2025.0
-5455.0
3285.0
228.0
-1597.0
377.0
-767.0
3354.0
1339.0
-3112.0
-1933.0
-1307.0
6560.0
937.0
-1625.0
-522.0
-4220.0
-1879.0
3156.0
-2706.0
2444.0
7335.0
-515.0
-2919.0
3290.0
2085.0
4422.0
-6479.0
1794.0
7.0
4132.0
-2867.0
-395.0
-3725.0
-1769.0
-968.0
584.0
2344.0
116.0
2934.0
-1891.0
4228.0
3234.0
4716.0
-1656.0
-670.0
-5011.0
2750.0
-2379.0
4006.0
1526.0
-8149.0
2938.0
753.0
-726.0
4835.0
-4952.0
295.0
5050.0
954.0
-1506.0
5978.0
-2033.0
-2086.0
6900.0
4518.0
140.0
1431.0
141.0
-3289.0
-2005.0
-2585.0
-1448.0
1425.0
-1821.0
-4422.0
-769.0
-1675.0
2061.0
-777.0
3935.0
2259.0
2637.0
-674.0
1670.0
-3200.0
-1179.0
4617.0
-2828.0
-6145.0
-775.0
-3908.0
-5389.0
-3676.0
5449.0
-53.0
5903.0
3556.0
2621.0
5395.0
5837.0
77.0
4798.0
-903.0
-795.0
-509.0
-2127.0
-1153.0
3470.0
-1573.0
4295.0
5501.0
-7209.0
-1590.0
-184.0
-2787.0
-3809.0
-4306.0
148.0
-2306.0
1588.0
-5883.0
-2776.0
-1203.0
1721.0
-1194.0
-1924.0
3762.0
1962.0
-905.0
-1543.0
1505.0
-153.0
3375.0
1637.0
2147.0
-488.0
-3038.0
2596.0
-5751.0
-4092.0
4709.0
-3271.0
1160.0
-4008.0
-5857.0
-4461.0
5463.0
-2942.0
-65.0
512.0
322.0
3732.0
-1406.0
7161.0
1842.0
-2178.0
6198.0
-306.0
-1071.0
7126.0
410.0
-1660.0
-427.0
-3480.0
1121.0
1200.0
1779.0
4051.0
5103.0
-2769.0
4229.0
-1029.0
-2823.0
-157.0
1109.0
-2848.0
-2136.0
4261.0
1452.0
-1284.0
-3278.0
-4980.0
497.0
4715.0
1505.0
-3754.0
-2185.0
4514.0
1745.0
-5305.0
-5408.0
5599.0
-3786.0
2247.0
-4891.0
-3815.0
-7505.0
-2317.0
974.0
-1888.0
571.0
-1749.0
2667.0
-7351.0
-1636.0
1635.0
1996.0
-2491.0
-1658.0
86.0
-597.0
2892.0
3500.0
-3794.0
-1543.0
2238.0
-909.0
5055.0
2034.0
-3972.0
-1892.0
-4145.0
847.0
87.0
-931.0
-18.0
691.0
-4819.0
5762.0
-2161.0
2364.0
-529.0
4309.0
3175.0
-425.0
-3790.0
4007.0
-1149.0
3212.0
-3068.0
2514.0
1072.0
-6021.0
-2054.0
2444.0
5433.0
2597.0
-3944.0
2238.0
-4560.0
265.0
-3591.0
-4510.0
-4306.0
-966.0
-450.0
307.0
-649.0
-911.0
729.0
-2661.0
-1408.0
-8345.0
2759.0
-5018.0
-7007.0
1254.0
2600.0
-2691.0
-4228.0
8172.0
1658.0
-5954.0
-2838.0
1912.0
1993.0
1896.0
-1673.0
3706.0
1497.0
-7893.0
-3652.0
-300.0
-2438.0
-3410.0
2668.0
2131.0
5294.0
-4990.0
-4695.0
-1786.0
-680.0
2067.0
5516.0
-1915.0
3184.0
-127.0
-3459.0
5072.0
2500.0
-2864.0
-405.0
-3459.0
-1039.0
-3972.0
-4285.0
-1248.0
-4833.0
-655.0
5525.0
-2661.0
-4202.0
892.0
-1086.0
-3265.0
2401.0
3875.0
6243.0
-3419.0
4891.0
-6202.0
2816.0
2179.0
2831.0
-7972.0
3424.0
-637.0
-3301.0
-1648.0
274.0
5396.0
2346.0
849.0
-7330.0
6800.0
-3721.0
-1359.0
-2739.0
-7268.0
6178.0
1133.0
-6330.0
2524.0
-9207.0
4580.0
489.0
3823.0
-3483.0
763.0
-1574.0
-1451.0
-1038.0
-2241.0
5516.0
1153.0
1735.0
-966.0
-4823.0
-1837.0
1333.0
-1408.0
-4201.0
1312.0
-2421.0
220.0
-3186.0
-529.0
-2644.0
-2934.0
-2251.0
-1777.0
7186.0
5128.0
860.0
1670.0
-4593.0
-2457.0
-919.0
6737.0
4355.0
5184.0
4593.0
3607.0
-2127.0
1948.0
-3977.0
-3476.0
3192.0
2162.0
-638.0
-4323.0
-5142.0
1961.0
-3891.0
-3225.0
2402.0
-2392.0
316.0
-1921.0
-5909.0
3089.0
-792.0
-2620.0
4109.0
5215.0
-5235.0
-1123.0
-2200.0
-1379.0
-2674.0
906.0
3865.0
1610.0
-2214.0
-6147.0
-3640.0
8192.0
306.0
1625.0
-2561.0
3262.0
886.0
-3964.0
-2963.0
5699.0
3437.0
326.0
2546.0
5048.0
720.0
758.0
1179.0
-4836.0
-2348.0
3204.0
5476.0
-3769.0
-5689.0
-1751.0
3365.0
4139.0
1991.0
-2345.0
-5100.0
1788.0
-131.0
-1663.0
-1620.0
2837.0
-5473.0
2237.0
4134.0
-484.0
-693.0
3550.0
-2285.0
-6641.0
2737.0
1223.0
-223.0
-1545.0
-2042.0
4934.0
-3693.0
3565.0
3206.0
2342.0
5564.0
2591.0
4137.0
-4099.0
2614.0
2225.0
-1693.0
3380.0
4625.0
299.0
40.0
546.0
-500.0
5131.0
2668.0
5131.0
-3554.0
-809.0
-469.0
-1876.0
5266.0
-704.0
-4626.0
1195.0
4068.0
101.0
-3503.0
-2802.0
5215.0
2893.0
-3050.0
-319.0
6722.0
6098.0
-554.0
-4018.0
3609.0
2026.0
616.0
-1816.0
4956.0
-3972.0
-5561.0
-204.0
-3292.0
831.0
-5573.0
774.0
-963.0
-7623.0
-6299.0
4226.0
-4428.0
6833.0
1788.0
-1737.0
1448.0
-1310.0
-6323.0
-4306.0
2521.0
-449.0
-1669.0
3697.0
3035.0
3070.0
1646.0
-1617.0
3670.0
-659.0
-3577.0
-231.0
-747.0
-6520.0
4874.0
-179.0
-2042.0
-4333.0
6602.0
-1030.0
-5709.0
-1707.0
-280.0
-1432.0
-2055.0
1966.0
-3917.0
-3982.0
5065.0
1711.0
6862.0
-6980.0
-1576.0
-3359.0
-2095.0
-4693.0
4835.0
-6140.0
2943.0
2401.0
1765.0
-215.0
-2447.0
3135.0
2797.0
4713.0
-6789.0
-397.0
-5626.0
-3047.0
803.0
3967.0
4137.0
-6380.0
-3318.0
1224.0
-38.0
-5250.0
-2785.0
-2797.0
484.0
139.0
-3722.0
3225.0
788.0
-1786.0
1573.0
-3475.0
-439.0
-4258.0
3705.0
4009.0
785.0
6220.0
1397.0
2376.0
-5263.0
488.0
4693.0
-5350.0
-3443.0
1781.0
1415.0
-1910.0
-5259.0
2418.0
-1124.0
2027.0
1696.0
-3112.0
-2569.0
7072.0
3710.0
3347.0
2941.0
2689.0
1738.0
-4548.0
6144.0
-7072.0
-1908.0
-2396.0
7119.0
727.0
-634.0
5266.0
4565.0
-2534.0
490.0
-5567.0
-4149.0
149.0
1995.0
944.0
5348.0
4244.0
2146.0
2329.0
-3885.0
-2693.0
-572.0
741.0
5369.0
-1948.0
3887.0
-5729.0
92.0
-808.0
2027.0
-383.0
710.0
-3316.0
1931.0
5119.0
-2459.0
-732.0
-5157.0
-2981.0
1153.0
-586.0
1656.0
1946.0
-468.0
-265.0
24.0
-1422.0
3312.0
2170.0
-7193.0
-3621.0
3347.0
1534.0
1900.0
1398.0
-843.0
3854.0
-956.0
-3775.0
2369.0
388.0
-3681.0
-116.0
1084.0
-1124.0
-1767.0
1368.0
2268.0
-5653.0
5580.0
732.0
4030.0
-650.0
4331.0
-1047.0
3131.0
1873.0
527.0
-1292.0
-4120.0
704.0
4571.0
1331.0
1735.0
7921.0
4436.0
-5586.0
-4170.0
7350.0
2417.0
-4122.0
782.0
-1623.0
364.0
1281.0
4897.0
-786.0
4366.0
1731.0
144.0
2287.0
1817.0
-184.0
3485.0
3823.0
-3315.0
2189.0
-1047.0
2391.0
-1843.0
1798.0
-5965.0
-7017.0
-4295.0
1175.0
-418.0
-4393.0
4090.0
1586.0
1242.0
-3524.0
-341.0
-1908.0
1882.0
-177.0
-980.0
1344.0
3121.0
-1657.0
-744.0
-7402.0
1629.0
7429.0
-2943.0
6101.0
2809.0
2477.0
2274.0
-2845.0
2614.0
-281.0
8443.0
5507.0
-2252.0
8537.0
-998.0
4438.0
-1701.0
2218.0
-2378.0
-420.0
-1766.0
3060.0
-4609.0
2547.0
3649.0
1439.0
-1684.0
-8079.0
-5646.0
2386.0
-1933.0
2021.0
-391.0
-1467.0
374.0
2119.0
-6278.0
-899.0
-1000.0
-1303.0
-4223.0
-2122.0
992.0
2104.0
5592.0
-545.0
-4055.0
-4533.0
-2729.0
2855.0
-553.0
2389.0
5032.0
-1304.0
211.0
3502.0
-1420.0
-3466.0
-2766.0
-6293.0
677.0
-3429.0
2451.0
31.0
-4572.0
-7350.0
-2648.0
3432.0
-1781.0
1503.0
1352.0
1519.0
-10028.0
2645.0
-3406.0
2467.0
-763.0
3801.0
-530.0
2458.0
3758.0
-351.0
1391.0
5320.0
3081.0
4410.0
-419.0
-2746.0
5171.0
2390.0
-7442.0
-2509.0
-4264.0
-957.0
-2970.0
2865.0
-6395.0
-2692.0
-2602.0
1959.0
-6306.0
266.0
-6660.0
-963.0
-4259.0
-1983.0
838.0
-4909.0
-7916.0
-2873.0
-1282.0
-3342.0
-3565.0
-1450.0
6200.0
960.0
5266.0
1257.0
-3537.0
-3663.0
3594.0
230.0
967.0
-3682.0
-6728.0
3026.0
77.0
4577.0
2001.0
3478.0
192.0
-3609.0
3681.0
603.0
-797.0
2234.0
2568.0
4536.0
-2377.0
6994.0
-1329.0
61.0
2776.0
-595.0
1978.0
-2368.0
-3412.0
-7712.0
2577.0
-1742.0
-1633.0
-7634.0
477.0
290.0
-4746.0
1451.0
3624.0
3666.0
2450.0
-2785.0
-1763.0
-5849.0
2587.0
-3207.0
-1691.0
1963.0
-582.0
-6412.0
2212.0
1307.0
755.0
-503.0
3413.0
-2557.0
4340.0
-1450.0
-3373.0
-3501.0
-2614.0
-1297.0
110.0
-1437.0
179.0
1716.0
-1965.0
-2059.0
-5459.0
-1659.0
4672.0
2285.0
3930.0
-1394.0
1587.0
1890.0
2999.0
-2201.0
-4209.0
-430.0
-2038.0
-4695.0
-2716.0
-2161.0
-4691.0
3577.0
249.0
3971.0
-3957.0
-1123.0
-3872.0
657.0
-2466.0
-1762.0
4822.0
-3552.0
568.0
1569.0
-1920.0
5151.0
2960.0
3703.0
-3221.0
-616.0
-2408.0
1415.0
6674.0
-3842.0
208.0
-870.0
-341.0
-6992.0
-1318.0
-1063.0
-4813.0
5028.0
-3088.0
3215.0
480.0
-3537.0
-338.0
-7192.0
-1037.0
3369.0
2554.0
3337.0
229.0
-744.0
416.0
3503.0
1021.0
-3876.0
-1727.0
4874.0
-186.0
-300.0
543.0
-3239.0
-3412.0
5395.0
-1220.0
4755.0
2863.0
1800.0
591.0
-4130.0
312.0
-4021.0
344.0
-4662.0
7093.0
4144.0
-770.0
-3339.0
-2857.0
-265.0
-1680.0
-4332.0
1987.0
3734.0
-4083.0
-3673.0
-334.0
3657.0
377.0
1166.0
1160.0
-609.0
-3001.0
-1713.0
-2396.0
695.0
1096.0
-4934.0
85.0
3632.0
4571.0
-415.0
709.0
-274.0
-2816.0
8687.0
-5337.0
1570.0
342.0
722.0
-535.0
2473.0
5587.0
-2460.0
5841.0
-7502.0
1082.0
-4468.0
1316.0
-3002.0
904.0
505.0
-1751.0
3145.0
-2279.0
5406.0
897.0
75.0
3995.0
-874.0
901.0
-2580.0
-612.0
5532.0
-2184.0
-263.0
-1707.0
1543.0
-1408.0
3139.0
4586.0
-4713.0
5703.0
-928.0
6045.0
-6113.0
5134.0
-2041.0
2280.0
5684.0
-3008.0
-2331.0
-2069.0
4267.0
817.0
530.0
-2869.0
425.0
4350.0
-292.0
4537.0
389.0
1657.0
-2073.0
-3034.0
4135.0
169.0
-1299.0
3990.0
462.0
5066.0
-1877.0
-1953.0
-1442.0
5998.0
-4844.0
-4911.0
-647.0
-819.0
3474.0
-398.0
-123.0
4822.0
3017.0
6182.0
981.0
-4246.0
5473.0
-2477.0
-3588.0
1530.0
537.0
-4690.0
8007.0
-3517.0
2652.0
481.0
185.0
-2263.0
-1139.0
-567.0
-3096.0
-2491.0
-1527.0
