0.09779161
0.094095364
0.12954976
0.07501912
0.1
0.093463145
0.08569341
0.09870493
0.096414305
0.101296805
0.09117048
0.117325805
0.097747
0.10430983
0.11961674
0.09000347
0.0994144
0.11254244
0.08822052
0.11078949
0.1057084
0.08514426
0.091196746
0.089011654
0.09780447
0.1
0.11344098
0.093605794
0.11088329
0.09354605
0.089235514
0.090112895
0.11473271
0.109541886
0.117852785
0.09654066
0.09891903
0.08760481
0.08040466
0.111923836
0.09818856
0.11900061
0.11127816
0.098311625
0.095480435
0.108149305
0.10730188
0.13535732
0.11364171
0.1
0.08832141
0.09734604
0.11854694
0.12101451
0.0974907
0.13178317
0.10318113
0.07735747
0.111425616
0.1027824
0.103647426
0.09747153
0.11889725
0.10530303
0.12715359
0.10893579
0.10293396
0.10485645
0.07627527
0.11135863
0.09899381
0.08642168
0.11534304
0.12106773
0.1037897
0.12486702
0.109843045
0.08082258
0.11171507
0.12421662
0.090709664
0.12917857
0.097288996
0.07276514
0.10792337
0.07240185
0.118058324
0.103511564
0.11075435
0.12126327
0.091117024
0.11517048
0.1272329
0.095777616
0.1
0.10583513
0.09182142
0.11097416
0.08835744
0.09456257
0.1139912
0.108275495
0.1090766
0.09725456
0.124907196
0.10745021
0.103086025
0.13770208
0.120752625
0.11940877
0.09563568
0.10425884
0.1
0.11635714
0.092275724
0.120398335
0.11783363
0.099984325
0.112592764
0.11354087
