0.10113751
0.10971398
0.108255
0.08830314
0.105265304
0.10320214
0.12105198
0.092628315
0.09218782
0.10590296
0.10710026
0.09304602
0.11734558
0.095259316
0.11098958
0.09164559
0.1002852
0.08198532
0.07743867
0.102324106
0.1186059
0.10970321
0.10582663
0.10667853
0.093361214
0.07646502
0.09944337
0.11599527
0.10684355
0.089025944
0.09228056
0.0986251
0.119156554
0.11712743
0.0859141
0.08724989
0.1124559
0.112674
0.092980415
0.11099725
0.08940387
0.1016087
0.1263926
0.09168469
0.12035397
0.11635225
0.099813424
0.10949717
0.09860653
0.11529185
0.08292087
0.10810441
0.09832554
0.10875046
0.08763387
0.10048924
0.11844054
0.09407864
0.08818251
0.112330355
0.09738847
0.12584472
0.116399415
0.10467577
0.12121159
0.11787334
0.09467465
0.10828878
0.09077186
0.099161915
0.11517212
0.09082274
0.07747228
0.09728733
0.07905519
0.09764506
0.115977265
0.11724205
0.07807549
0.099154286
0.08763222
0.10612067
0.0901711
0.11152904
