0.19863367
-0.046685524
0.055481385
-0.17087382
0.05271449
0.013978197
-0.08750439
0.15279557
0.19477184
0.023387576
0.075068094
-0.1960838
0.0967199
0.011331228
0.1404201
0.10092983
-0.09483859
-0.08222636
0.18272294
0.3132193
0.26579294
0.050701253
0.25573942
0.109556995
-0.13259947
0.076544516
0.21119781
0.07727126
0.109562196
0.11529623
0.014934837
0.0384253
-0.017778281
-0.032988388
0.15451795
-0.07482193
0.18163994
0.29793006
0.109771065
0.07280897
0.08209745
-0.0914298
0.06362171
0.32734793
0.12696481
0.05771872
0.25365114
-0.018647926
0.22275719
0.10285794
0.028673414
0.25216052
-0.08558328
0.18199725
0.21398439
0.16697495
0.19900103
0.19856258
0.028956918
0.073916875
-0.042729028
0.09352072
-0.03340294
0.0074906903
0.31073067
0.05030401
0.09512288
0.11245845
-0.16509627
0.15517196
0.23200716
-0.00462756
0.07020292
0.10370361
-0.16615793
0.27972502
0.27481377
0.07101688
0.10855449
-0.09070928
-0.013701523
0.10650214
0.061905492
0.11872722
0.1570602
-0.12027465
-0.033736795
0.24131386
-0.08667925
0.1308188
0.011764065
-0.0010342399
-0.13771296
0.0017337617
0.11035792
-0.113397844
-0.046010535
0.123683445
-0.19370534
0.23096481
0.22979204
-0.09017416
-0.11880212
0.10734271
-0.037172936
0.25342864
-0.04998573
-0.0034653218
0.025952218
0.03463179
0.026358617
0.065909944
0.08406676
0.2153844
0.051380668
-0.23734997
-0.09426988
-0.104813464
0.08709954
-0.023916652
-0.18037462
-0.09891264
0.03216677
0.022681708
-0.1012789
-0.00023858079
-0.1698814
-0.02458343
-0.12417005
0.14760612
-0.060656033
0.15913501
-0.22286502
0.07043716
-0.12963817
-0.08701616
-0.013660846
0.013454232
-0.23375349
0.075286336
-0.24964912
0.14631729
-0.011485904
0.05032704
-0.062727235
0.07093861
-0.061081707
0.14639345
-0.023593768
0.19127856
