0.081956215
0.04516664
0.014416675
0.1422053
0.10298886
0.19417067
0.0019105335
-0.1191356
-0.0073120543
-0.10135655
-0.117634416
0.041441962
0.045364775
-0.045710154
-0.01849131
0.06877382
0.059247397
-0.06710131
0.056952238
0.16219532
0.24309693
-0.11564458
0.12943019
0.040649984
-0.15450853
-0.09350691
-0.065144464
-0.0786049
0.1467826
-0.040255833
0.02000304
-0.14288273
0.081806004
0.006583349
-0.08242981
0.020101378
0.01615651
-0.011271861
0.07572025
-0.071263425
-0.021402987
0.03309883
-0.07402563
0.15242971
0.012126715
-0.08375628
0.006397757
0.0005089114
-0.040377453
-0.07303669
0.1926989
-0.107001156
0.2102863
-0.1329089
0.01450787
-0.05809521
-0.15795992
0.07973451
-0.05577628
0.021704312
-0.035796247
0.07626663
0.02170075
-0.007376033
-0.10634692
-0.06496586
0.01324268
-0.016731244
0.025325106
-0.08882864
0.14041254
-0.12888376
0.16972171
0.021651415
-0.17658062
0.047738425
0.06307383
0.116923116
0.06527601
-0.013780318
-0.020723717
0.1264406
0.109460235
0.15250584
-0.10474155
-0.06721642
-0.004489382
-0.055425376
0.0043548634
-0.19248657
-0.0016288656
0.13932237
0.06366304
-0.010338164
-0.047890916
-0.03279336
0.09002297
-0.21330339
-0.05473398
0.078761674
0.18554978
0.23039393
0.061354652
0.06207061
0.22594431
-0.15200076
-0.07687507
0.19002493
-0.10477465
0.15743119
-0.14784619
-0.10720716
0.02256098
-0.052098565
-0.013305485
-0.08112533
-0.01555357
0.010792262
-0.08186889
-0.00034303873
-0.05606788
-0.15575078
-0.033411697
-0.18289617
0.041272942
0.07699742
0.06794866
-0.073698595
0.04307539
-0.020834723
-0.2030205
0.09932175
0.057236273
0.0855105
0.06111281
-0.025295183
0.09277558
-0.012560113
-0.06265322
0.18860519
-0.12687999
0.014138761
0.034088444
0.13910905
-0.014051858
0.2013575
0.046879135
-0.07163449
-0.054128587
0.06983095
0.09563964
-0.14408928
-0.121728614
-0.08914979
-0.029421622
0.21115221
0.12035441
0.024676243
-0.013096425
-0.055854846
0.16279463
-0.1714468
-0.07120217
0.037986487
0.12687385
0.056985475
-0.09197314
-0.10885512
0.11737587
0.023946518
-0.13371676
0.13420083
-0.07666981
0.016586363
0.20506136
0.10152359
-0.092591844
-0.09282419
0.025165463
0.052797455
-0.064283155
0.014087936
0.111487456
-0.08430606
0.16350143
0.0028526816
0.073783666
0.0017102786
-0.11022421
0.17853382
0.023538474
0.04919772
-0.03346638
-0.055927817
0.05660304
0.00017173562
-0.019507917
0.14366843
-0.13707124
-0.19272654
0.08318694
-0.0756652
0.08663665
0.05728504
0.027624886
0.05657084
-0.015245975
0.08280586
0.17699932
0.079742976
-0.06516125
0.028677221
0.07914186
-0.02489025
0.12874149
-0.06857184
0.098137744
-0.17823742
-0.124692045
0.06966601
0.14477524
0.078295715
0.00048235813
0.14875646
0.19862412
-0.11204923
-0.12115921
-0.0737897
0.06977214
0.117461234
0.073193215
-0.07231888
-0.141294
0.10243634
-0.1289576
0.12342506
-0.05721946
-0.104756825
-0.16049728
-0.04106346
-0.17348942
0.15603144
0.11814059
-0.012804055
-0.053804506
0.03326309
0.108056694
-0.02909573
-0.05279477
-0.025707746
0.09631166
-0.037424702
0.090124846
0.06067694
0.13610767
-0.033189274
-0.114427775
0.11519731
-0.04494495
0.012750151
0.0483
0.11539527
-0.056608364
0.01517613
0.0015254401
-0.07606443
0.00025804006
0.22088362
0.06685607
0.03141104
-0.20785543
0.16842927
-0.1781264
-0.069945484
0.11771308
0.14106269
0.037394516
0.041820567
0.086534314
-0.023262857
-0.092100345
-0.04320101
-0.03479813
0.049027603
0.096668795
0.018723933
0.09006139
-0.10510253
0.03782235
0.1391722
-0.043853663
-0.11803737
0.15691689
-0.063471384
0.03414077
-0.09664795
-0.23899512
-0.00834548
0.008290946
0.13455671
-7.922068e-05
-0.026092632
0.019944599
-0.116984844
-0.059425063
0.014995961
0.021335408
-0.067636326
-0.0046526967
-0.086326435
-0.118402846
-0.10574308
0.077644736
0.04665402
-0.08505588
0.12291438
0.005629216
0.049618643
0.18643425
-0.13410491
0.1346373
0.09554249
0.09989357
-0.09058286
0.23891336
0.026970427
0.07717203
-0.0565635
-0.23111962
0.05223495
-0.072278135
0.014965053
-0.0846167
-0.13323985
-0.10054688
-0.16939747
-0.11973203
-0.07074465
-0.06848269
-0.04281604
0.06063546
0.01819735
0.0035456484
-0.11927547
-0.06642005
-0.10877368
-0.04107862
0.19180448
0.05877993
0.11811733
-0.060256973
0.059006464
0.048238702
-0.024010837
-0.0016613503
-0.05981146
-0.017487751
0.16904701
0.042544615
-0.17173268
-0.19247493
-0.19721866
-0.07652089
0.11388885
0.21460292
0.1752099
0.024183821
0.06113576
-0.22285601
0.064331055
-0.12546824
-0.08085384
-0.030498927
0.22602785
-0.10899658
-0.013751113
0.054230515
0.09766265
0.006467174
0.035773266
0.040491153
0.08520951
0.2066913
0.0342353
0.009610051
-0.006671421
-0.15302366
0.04371574
0.091139115
0.016372329
0.03915581
-0.07583776
-0.037210755
0.002163929
0.08214323
0.12981625
-0.0020980285
0.09357683
0.051393174
-0.17303304
0.016678602
-0.032141652
0.0901341
-0.22821559
0.06521724
0.18691815
0.019689923
-0.005801538
0.0741111
-0.23624647
0.09979689
-0.031110547
-0.1119046
-0.064640075
-0.020651948
0.08136802
-0.103596136
0.18168814
0.12573597
0.08724676
0.1443826
-0.099040546
-0.15109159
-0.024287904
-0.2982419
0.098557696
-0.023350121
0.12730119
-0.11854694
0.036700375
-0.17515254
-0.020661643
-0.009391229
0.100142345
-0.070530124
-0.13078593
-0.136035
0.06502906
-0.06922734
0.10350383
0.09284692
-0.14101478
0.048317365
0.04917549
-0.10159283
-0.07055147
0.008210084
0.14541285
-0.19090752
-0.1589944
-0.08019082
0.045541443
-0.044375118
0.025290515
-0.100816235
0.08267244
0.0063486155
-0.14378074
0.07203926
0.1644255
-0.0035013275
0.1035958
0.110430285
-0.11375065
0.017808283
-0.21174127
0.03961027
-0.07693193
-0.03142193
0.059774447
0.0064778747
0.2026104
0.24126494
0.105373
0.066774726
-0.052375197
0.13852312
-0.079416774
-0.053539533
0.17880392
-0.044355378
-0.035179496
0.022049317
0.064397246
0.09279363
0.027809713
-0.04210247
0.009568967
-0.1020156
0.1351533
-0.11099788
0.19529511
0.05828215
-0.06506983
0.07657995
-0.037812408
0.07761844
0.0434399
-0.04497653
-0.06059725
0.03317061
0.13466597
-0.030353185
0.023025397
-0.076013
0.06967875
-0.065793194
0.01796201
-0.04549256
-0.0855144
0.081133515
-0.09195584
-0.025620598
0.07125305
-0.08870019
0.092217065
0.0541977
0.15704218
0.100985356
0.16015413
0.15554675
-0.19898437
-0.040454697
0.19026513
-0.095338665
-0.050631043
-0.08724884
-0.0026874666
-0.19760568
0.09736051
0.033625357
-0.013383192
-0.033892483
-0.051631365
-0.016849633
0.13098276
0.08836751
0.041577928
-0.12309029
-0.02058501
0.115498446
0.043727342
0.049574528
-0.07988525
-0.16764638
0.0928793
0.0541194
-0.009555473
0.12868237
0.07093578
-0.13136171
0.07045946
-0.03375371
0.1468497
-0.057916496
-0.03454049
-0.06152799
-0.018161437
0.027040714
0.20416023
0.10590597
0.07306553
0.042543817
0.016636794
-0.0026299024
-0.043642815
0.03016174
-0.16830547
0.15266442
0.031697392
0.1091655
-0.0035614965
0.026490621
0.10483221
0.046681046
0.09072528
-0.020089308
0.12206783
-0.2590875
0.17114459
-0.13723464
-0.008196129
-0.071984805
0.016478674
0.05108013
-0.20896278
-0.016974956
0.10128696
0.095884405
0.029296603
-0.017669937
-0.025637392
-0.13503408
0.0073783197
0.14794561
0.110596806
0.0946814
0.0876827
-0.10091613
-0.0875327
-0.0019683058
0.0045699417
0.13518694
0.07217619
0.06472197
-0.010120264
-0.029944053
-0.029706728
-0.042162813
-0.09626433
-0.06996869
-0.03588404
-0.05553921
0.054752667
-0.01265228
-0.081914745
0.044053644
-0.20310366
-0.18085395
0.14712448
-0.046935707
0.063553795
-0.12218009
0.026947739
-0.1123823
-0.17186385
0.030309318
0.186771
-0.015788805
0.028941186
-0.031649962
0.06702277
0.00631785
0.019109774
0.11343611
-0.16915323
-0.051345192
0.15498447
-0.14463122
-0.12187128
-0.039355744
0.16319191
-0.025126603
-0.122626655
0.028834589
0.09960847
-0.041292027
-0.028894411
-0.16587986
-0.06329713
-0.026036223
-0.02999335
0.13959031
-0.14166643
-0.14060096
-0.0093182195
0.056004923
0.049739778
-0.069869466
-0.027748736
-0.092311054
-0.007083418
-0.055989627
0.108085334
-0.017551744
0.021075562
-0.03984301
-0.16106823
0.08099328
0.01210417
-0.058336034
0.0381512
-0.07534799
0.1757825
-0.08065411
-0.011383715
-0.10777885
-0.074136116
0.092450656
0.15291472
-0.07809733
-0.059935723
0.13670759
0.015666373
-0.016037788
0.14400646
-0.04312188
0.023669327
-0.22368887
0.07170852
-0.11634775
0.07745597
0.08970255
0.07216289
0.010591165
-0.09559068
-0.04071706
-0.053124107
0.10404079
0.07523452
0.0628672
-0.14383331
0.06516419
-0.0091987625
0.14541467
-0.06489483
-0.0713957
-0.14371623
0.12154216
0.14433163
0.016783444
-0.070928015
-0.28743765
-0.13546886
-0.031200778
0.07654205
0.008701681
-0.03101675
-0.11091127
-0.15327847
0.023516634
0.06139074
0.05709468
-0.04310711
-0.1254946
0.048014387
-0.12943125
0.1989463
-0.0684401
-0.15290195
0.14786169
0.0059086923
-0.113633655
0.13570255
0.08535331
0.023021668
-0.1693217
0.04190583
0.13812265
0.025405983
-0.008756124
0.06944299
-0.06322478
0.20115146
-0.097503476
-0.036334526
-0.011231841
-0.07089981
0.18502492
0.006755219
-0.17808156
-0.03696699
0.034343075
-0.13177855
-0.060022168
0.13399686
-0.043408073
-0.06494163
-0.012010488
0.07047216
0.15561047
0.14389858
0.022556346
-0.17158076
0.039085794
0.20045365
0.14357087
0.10754997
-0.14303826
0.115004346
-0.19861183
0.06619279
-0.050473284
-0.00023505621
0.11463385
0.23950437
-0.22050227
-0.2494312
-0.1280275
0.07790101
-0.0028671809
0.13279648
-0.1298256
-0.21354684
0.12953596
0.061339382
0.01392214
-0.084720746
-0.037995115
0.08078405
0.06257304
-0.09444956
-0.11712651
-0.09626196
-0.032463953
0.14889094
0.14147124
0.02191687
0.063315615
0.103518955
0.008632656
-0.22276759
-0.022006432
-0.022054086
-0.085723616
0.0060496964
-0.07127484
0.18535823
-0.12743783
0.014103625
0.07581245
0.06581505
-0.22837254
0.026862139
-0.27638346
-0.22650526
0.03545288
0.023399578
-0.040607017
-0.09951482
-0.07904525
0.14188741
0.07517155
0.12460244
0.032052144
0.0344572
-0.04510062
-0.100934595
-9.8803655e-05
-0.07788166
0.09209815
0.07741396
-0.15292431
0.006105168
0.028457688
0.1373912
-0.042482134
-0.02334357
-0.18601784
-0.00094945036
-0.07069387
-0.23281044
0.109782375
-0.15977405
0.06926274
-0.016176827
-0.13713689
0.10457058
-0.09165243
-0.007191088
-0.17578799
0.10994765
0.03290162
-0.048037298
0.12152704
0.0037141815
0.010585339
0.031127691
0.14118266
-0.09294007
0.05106366
0.016818339
-0.06929929
0.08051533
0.12265378
-0.0885232
0.012408251
0.054720685
-0.0908886
0.15944949
-0.10190836
0.077626094
-0.16396502
-0.048621748
0.09485119
0.04876716
-0.024536343
0.040538415
-0.21114086
-0.06794173
0.056838922
-0.048892174
0.005093687
0.0059610973
-0.150921
-0.045167826
-0.04277549
-0.021637093
0.15637086
-0.1935749
0.122907504
0.012660355
0.007920929
0.022841495
0.0643025
0.18128826
0.031725302
-0.012753392
0.015503479
-0.12131551
-0.2395289
-0.066868715
-0.09142271
0.10247377
-0.13462684
0.0090929335
0.017262634
0.026675407
0.09094896
-0.028052876
-0.27889362
-0.051298983
-0.038143434
0.06644043
0.03345351
0.0640365
0.037258454
0.11491956
0.08177956
0.14140405
0.06156939
-0.04441314
0.02164597
0.11373429
-0.10507854
0.25107116
-0.027837493
0.08865919
-0.12576802
0.05481086
-0.17835157
-0.12951219
-0.24107955
0.22536004
0.055412397
0.010913978
-0.041716453
-0.12836389
-0.15133952
-0.10638787
0.049312353
0.1290223
0.07201506
0.04834431
0.0017580187
-0.15685393
0.12605707
0.1311608
0.1360836
-0.10954082
0.15428889
-0.10404807
-0.015431035
-0.008159674
0.10542073
-0.09491963
0.024927163
-0.028281322
0.12769426
0.06819574
0.076208085
0.005454226
0.048431158
0.096348904
-0.08705472
-0.009596372
-0.04012871
0.17801766
-0.09656434
0.15007584
-0.017942896
-0.21499237
-0.08913853
0.04370462
-0.011000183
-0.0066910526
-0.012497586
0.10816317
-0.02035763
0.051590998
-0.0014981277
0.041188516
-0.05123758
0.10224049
0.070619576
0.089612
-0.14261132
0.14356852
0.11294731
0.08147109
0.11962603
-0.014331274
-0.006521419
-0.07098333
-0.015775556
-0.010178937
-0.14773445
0.09421092
0.06504134
0.2000956
-0.051829617
0.12076658
0.015222779
0.03466474
0.10178517
-0.06487973
-0.09614058
-0.10918812
0.06551284
0.11751409
0.06368866
-0.15184979
0.1336788
0.037809685
0.07870061
-0.041000593
-0.013721383
-0.06333687
0.15098819
-0.07127318
0.07642637
0.098773666
0.15125641
0.05292944
0.07804182
0.043871395
-0.018206624
-0.024014223
-0.09848921
0.024223667
-0.04392867
0.14196461
-0.007297812
0.11755215
-0.014615425
-0.16067292
0.016740125
0.1406837
0.16042385
-0.19924091
0.038733315
-0.15004784
0.22726093
-0.015522859
0.04931798
0.019988844
0.094164826
-0.079748176
0.17892547
0.0939893
-0.072290406
-0.16190846
0.038659047
-0.031692456
0.03224442
0.101230875
0.12841098
0.07005225
-0.056493163
0.022225194
-0.12577504
-0.2576117
-0.00051212526
0.15149243
-0.18260707
0.2052105
0.14734963
-0.23239838
0.043334868
0.10342282
-0.287001
-0.0619911
-0.15900353
-0.120963186
0.07662328
0.026177749
-0.026374059
0.05698979
0.05217944
0.117293976
0.047002025
0.089202605
0.1355683
-1.3452535e-05
0.08788214
0.1351707
-0.09727562
-0.15216233
-0.010835956
-0.0352828
-0.09951376
-0.07514494
-0.26516566
-0.15693432
0.036693107
0.067983754
0.025856944
-0.039615117
0.12359362
0.21893713
-0.0011471383
0.06901613
-0.16331495
-0.25986546
-0.014060752
0.12658384
-0.019430535
0.14510319
-0.10920291
0.14910713
0.05508066
0.05102859
0.06208814
-0.066490486
-0.0015112726
-0.20811193
0.1217279
-0.13845891
-0.1666297
0.007975977
-0.024535283
-0.17502052
0.0714029
0.030096063
-0.11248587
-0.02271015
-0.0065298337
-0.06995848
0.080744654
0.044662163
0.18549873
-0.20849104
0.14451148
0.22610965
0.05093699
0.14513546
0.13967252
-0.16409573
0.1960965
0.116438866
-0.15955599
0.24463452
-0.06907992
0.002100721
-0.06854921
0.09126081
0.121969834
-0.1580912
-0.104944825
-0.13987899
0.09172317
0.060564373
-0.011624979
0.12755895
-0.0031910203
-0.02506579
-0.1829044
0.03479947
0.028082917
0.07721174
-0.14313975
0.15540184
0.03132474
-0.0048240093
-0.09917914
0.16968997
-0.13152452
-0.10163462
0.047548622
-0.113939516
-0.12531239
0.007269948
0.059231654
0.072193824
-0.13817866
0.25068077
-0.054053426
-0.027967544
0.16199338
-0.16813901
0.018820321
0.07424948
-0.109371915
-0.039635427
0.04194577
0.22928634
-0.1310864
-0.1280134
-0.09643257
-0.09455211
0.0032577026
0.27416188
-0.076820314
-0.045670126
0.032929145
0.014735543
-0.19663936
0.1474362
0.03955413
-0.14841782
0.08637761
0.052709304
-0.10940978
0.08235903
-0.059906125
-0.042609073
-0.12106422
-0.018286211
-0.056734398
0.18971068
0.098277844
-0.22507781
0.05874576
0.036280412
0.036689278
0.22091597
0.087774135
-0.006573942
0.22814274
0.17658074
-0.057013113
0.086595885
-0.0012717759
-0.05769497
-0.12498874
0.17089269
0.21802461
-0.28842315
-0.005109633
0.07620269
-0.021030175
0.09891251
-0.016785713
0.03641855
-0.020513186
0.19503804
-0.13412264
-0.00027692138
-0.121925615
-0.014966647
-0.018544873
0.14974833
-0.09055813
0.016468171
0.14341712
-0.22129789
0.2409454
0.06887662
0.1053806
0.10519692
0.1259101
0.01901989
-0.04425389
-0.021888047
-0.066561274
0.19086155
-0.11970292
-0.027649574
-0.0057959966
-0.2542354
-0.05993536
0.18076828
-0.12624438
0.017473957
0.09506012
0.032985426
-0.10208039
0.0518057
0.14623204
0.10361943
-0.10989269
0.19118616
0.038015474
-0.060296234
0.047770087
-0.13299885
0.065753646
0.107722
0.24751751
-0.06651478
0.058360286
0.17119968
0.115185134
-0.12933384
0.053268358
0.004128073
0.018258214
0.0616546
-0.041923814
-0.11927843
0.19318256
-0.14722097
-0.025382452
-0.019106766
0.014096727
0.032338355
0.19141915
0.062054455
-0.040390767
0.07439062
0.12683505
0.09835773
0.036907222
0.024980301
0.19126947
-0.02130628
0.08261321
-0.123883784
0.000735289
0.06379945
0.05452246
0.08619286
0.06155527
0.09587628
-0.050705045
0.0009280077
-0.2255844
-0.018563503
-0.00049304933
0.019008571
0.03712322
0.18740328
0.058102712
-0.14362247
0.14252801
0.121184684
-0.106384896
-0.004082129
0.014364475
-0.15501502
0.040935785
0.07701948
-0.10153244
-0.18214801
0.10361321
-0.030841822
0.14812274
0.17192078
0.07773981
-0.06972967
0.11189629
-0.008819351
0.13140675
0.028644826
0.12985253
0.068019144
0.11076801
0.003967994
-0.0779235
0.080089904
0.065570295
0.04029871
-0.12360457
0.12979719
0.22169061
-0.26548603
0.04594464
0.24372075
-0.22175184
-0.06958086
0.022774706
0.010215455
-0.070496134
0.11836432
-0.08094052
0.039703086
0.015991153
0.19034147
-0.010524002
0.007835543
-0.06385655
-0.13261712
0.059339095
0.12739106
0.13707197
0.07693192
0.080806464
0.016290842
-0.13998795
-0.09832073
0.057260353
-0.028971968
0.10640824
0.18242767
0.09259014
-0.022499783
-0.040801015
-0.04415346
-0.005542444
0.09423939
-0.22111711
0.06749628
0.16476953
0.09029488
-0.04602374
-0.18723066
0.26917642
-0.11365664
0.14368398
-0.06500838
0.23913854
-0.06290403
0.08039412
0.09859033
0.07334486
0.056769237
-0.11725569
0.12058422
0.027969738
0.11138189
0.021752805
0.13857189
0.054251768
-0.103304714
-0.078679495
0.18921866
0.036432583
0.22109872
-0.1329109
-0.05026879
0.025781758
0.09840641
0.21562028
0.089976646
-0.053977683
0.010373315
0.22565065
0.11340142
0.102123976
-0.24637462
0.024387121
-0.07213435
0.13597946
-0.09290551
0.17564487
-0.005821074
0.056116775
0.08737359
-0.06400306
-0.056143668
0.1142479
0.20978254
0.07808922
-0.010688427
-0.12842302
0.051543288
0.07400943
0.03803327
-0.1465849
0.10646449
-0.06408231
0.13491741
-0.17782636
0.007059982
0.16934855
-0.16382676
0.04479688
-0.11985364
-0.024363898
0.18252957
0.098842844
-0.111308396
0.108741194
0.15202898
0.05965964
-0.0638332
0.04399395
-0.12893887
-0.043461323
-0.01643298
-0.12005551
0.06158049
0.13821606
0.022119837
0.011485947
0.12888941
-0.20600107
0.0877375
-0.03521629
-0.047096543
-0.012721247
0.14838079
0.07238242
-0.10870686
0.11791923
0.10814271
-0.0806178
-0.19866185
0.00327286
0.01848394
0.19378683
-0.008219704
0.015764002
-0.16952614
0.035889804
-0.17591059
-0.055530913
0.02423123
0.14120114
0.20029931
0.04974011
-0.018813994
0.07142697
0.05577384
0.1650893
0.03251273
0.07439031
-0.08036631
0.11929026
-0.22988987
0.04299095
0.1197792
0.040399253
-0.038867105
-0.029425267
-0.052823387
-0.056909304
0.0056075305
0.084961854
-0.0777247
0.025267828
-0.08990876
0.18950444
0.0096852165
0.19860993
-0.120040566
0.1660121
0.009222007
0.1711382
-0.01849127
0.0072291642
0.07300095
-0.0011124057
-0.20361404
0.14484128
0.15314357
0.25977433
0.0017700986
0.07829751
0.019672502
-0.027828708
-0.20687135
0.12459643
-0.026668696
0.011743279
-0.011448686
0.06483085
-0.017118186
0.015378845
0.12700118
-0.13231018
-0.07921434
0.20448956
0.067491814
0.14627442
0.07877488
-0.20147514
0.058914147
0.14252809
0.035230514
0.1448956
0.21736571
-0.0800779
-0.070297085
-0.1341915
0.031851813
-0.27649054
0.18667619
0.29940632
0.0053843814
-0.02176744
0.122110486
-0.13395095
0.007023548
0.16925003
0.11628555
-0.13687143
0.18889073
0.08342975
-0.21724866
-0.17224833
0.0930337
0.029162472
-0.1489711
0.0060893623
0.034173436
0.03595237
-0.063766435
-0.12422786
0.2044542
0.1380467
-0.14919838
-0.014165569
0.11903989
-0.015935633
0.18108484
-0.19152892
-0.077336565
-0.20758589
0.2143474
0.16405727
0.06131439
0.022008376
0.008235298
0.11493262
0.057488143
0.010124332
0.121485755
0.05619988
0.14069766
0.06660153
-0.07765831
-0.096645385
0.10136279
-0.18814026
0.028837156
0.025558349
0.079114445
0.014355994
0.16975342
0.043447267
0.13043036
0.051015142
0.02499359
-0.02764057
-0.016353237
-0.05527145
0.0503309
-0.17139615
-0.23850058
-0.0061602728
0.07834118
0.2136424
0.012029362
0.1013645
-0.12609199
-0.23804861
-0.09497718
0.084935166
-0.08337186
-0.10869317
0.09701425
0.097465366
-0.05960685
0.17736001
0.05199578
0.010900803
-0.087147646
-0.0016864884
0.122320995
0.024710504
0.047106463
-0.054557215
0.1688886
-0.08421851
0.039907306
0.05964914
0.034127045
-0.07328078
-0.14512779
-0.04093042
-0.035692073
0.018564407
0.03579716
0.18524672
0.06563339
0.0402502
-0.19597256
-0.097220734
0.030971669
0.07523894
0.1504101
0.09548617
0.008452498
0.023258647
-0.28734034
-0.028637474
0.1307533
-0.10561817
-0.06430755
0.027241541
0.1281221
-0.028586248
-0.022153508
-0.037201438
0.12692958
0.033757888
0.055095617
-0.12828998
-0.080384046
0.045524724
-0.10114084
0.042175483
-0.117201544
-0.06386616
0.052837893
0.03743711
0.18915904
-0.008496024
0.068258695
-0.02233899
-0.05087247
-0.15501158
0.032352697
-0.028293367
0.0581652
0.027350817
0.00273375
-0.069943465
0.12971419
-0.17311284
0.18229929
-0.114744075
-0.08134424
-0.09193715
-0.13347238
0.20023614
0.0946016
0.04345845
-0.03401491
-0.11080747
0.114772595
-0.048257776
0.050740402
0.09397
-0.08310568
0.075009964
-0.10538232
0.096356355
0.11474381
-0.035039596
0.21337838
-0.022665268
0.090463065
-0.05832049
-0.071108334
-0.12399959
0.06572545
0.22452171
0.051739704
0.16123033
0.08775718
0.0785586
0.09485834
0.06890371
0.05589447
0.037052915
0.13620232
0.23046196
0.040656228
-0.029161995
-0.14599048
0.033288006
0.08559771
0.07358367
0.0709437
-0.028626122
-0.09002297
0.21548437
0.0012026993
-0.007540204
0.20628908
-0.03034603
-0.03406744
0.0311993
0.062217426
0.07091402
0.057825666
-0.09386618
0.2968723
0.0661215
-0.23487245
-0.11815842
0.2096764
0.011730065
-0.0030680066
0.08391714
0.018095933
0.020524478
-0.0025303154
-0.031990975
0.028792676
0.18250385
-0.2263319
0.094486594
-0.08693864
0.18239412
-0.010282999
0.04820106
-0.09032944
0.1090289
-0.06220019
-0.04301336
0.007951947
-0.16365261
-0.038908783
-0.030146727
-0.042724177
-0.10863766
-0.035591528
0.06542899
-0.07394764
0.1996149
-0.15318355
0.108231686
-0.1910991
0.04803409
-0.048074994
0.023349626
-0.01637035
-0.023271682
0.12528357
0.16451298
-0.11319166
-0.059954464
-0.07348557
0.09533214
0.05699637
-0.07526612
-0.08357234
0.083232254
-0.04760905
0.14038922
-0.050840113
0.14236227
0.1623731
-0.074576005
0.07959697
0.05302389
-0.19449802
0.13637209
-0.0913619
0.038436882
0.03983872
0.16071804
-0.09531932
-0.07767908
0.0073265713
-0.10866096
-0.16932452
-0.093010314
-0.055295568
-0.03644542
0.03903579
0.08906001
-0.18124413
-0.026966434
0.0651845
0.020056644
0.108500436
0.095443025
0.17199457
0.11048912
0.091138616
0.14315404
-0.1286924
0.026698492
0.010601662
0.13724557
-0.07694809
0.090553865
-0.010923919
0.161736
-0.06065487
-0.014965648
0.16404013
0.0063868347
0.14548591
-0.079799384
-0.052025832
0.009877687
-0.0846098
-0.028424574
0.026711704
0.07361458
0.05714544
-0.011937605
-0.19084403
-0.13531004
-0.04981556
-0.05313441
0.21604204
0.06306259
0.19674435
0.07720973
-0.08175454
0.060897633
-0.15063787
0.08456211
0.0554193
0.019181464
0.14107883
0.082727835
-0.13391636
0.15114407
0.023893153
-0.11607905
-0.025233207
-0.07676488
0.013952688
-0.08780078
-0.18157999
-0.10597251
-0.09447907
0.07635066
0.013615617
0.057908334
-0.011526622
0.04847612
-0.04757275
0.13706474
-0.054984756
0.076532006
-0.05874277
-0.039035164
0.028332204
0.050215375
-0.05740173
-0.1017138
-0.100522384
0.11444108
0.018794045
-0.045300912
-0.07954426
0.122527905
-0.025161788
-0.0013534315
0.17079242
-0.029715601
-0.061355963
0.15389471
0.12756887
-0.14584231
-0.07807132
-0.13233113
-0.1960934
-0.010870051
-0.09900837
0.23867391
0.11427869
-0.006977711
-0.07092141
0.04013209
0.11992081
-0.09919855
-0.083490476
0.04854243
-0.091831125
-0.012923356
-0.08771155
0.0277529
0.17484279
0.08691902
0.11276956
-0.1681209
0.09870945
0.08362072
-0.014617147
-0.044789404
0.031638224
0.025867704
-0.058755483
-0.041318823
0.00855282
-0.02666182
-0.06844552
0.07212547
-0.005488372
0.012461047
0.031290706
0.14138225
0.21993984
0.07370927
-0.04304316
0.049737226
0.0047784178
0.009056435
0.014259744
-0.10232028
0.18106073
0.07620757
-0.04042967
0.00076178735
0.0612865
-0.06485084
-0.19729133
0.06470257
0.15096962
0.072427794
-0.115431584
-0.005537826
0.158284
0.099096864
-0.12757955
0.023935964
0.08771467
-0.05071349
-0.088827334
0.19459158
0.07920902
0.014255906
0.049592808
-0.033527885
-0.0016768944
-0.0017776486
0.03399546
-0.17889367
0.0832967
-0.023800062
-0.025100855
-0.23983307
0.041495226
-0.072125465
-0.04138681
-0.11095712
0.015902692
-0.041177467
0.070925415
-0.003901401
-0.026125217
0.038558185
-0.053063072
0.09524647
0.16680908
0.016358638
-0.018031863
0.14609939
0.04346313
-0.10790149
0.114334285
-0.057902016
-0.13025333
-0.029262442
-0.020936161
0.09718829
0.050251123
-0.017373368
0.20803872
-0.11202278
-0.105580695
0.14358902
0.088189766
-0.026834061
0.10495234
-0.03287237
-0.114955835
-0.18934973
0.15467696
0.031010121
0.04830619
-0.0890467
-0.16173387
-0.015785662
-0.036535863
0.20017949
0.03885308
-0.049019236
0.1769995
0.008798784
-0.04896559
0.17155279
-0.02961112
-0.18235388
-0.05492932
-0.11094971
-0.09800887
0.04451177
0.12930425
-0.13662378
0.21066922
-0.037024494
0.17631759
0.1480697
0.120228864
-0.08463095
-0.021731958
-0.09554639
-0.049628355
0.08032531
0.008134903
-0.021434586
0.025840193
0.090207666
0.20698662
-0.14397591
0.19597892
-0.08752728
-0.0028717136
0.025705483
0.1282568
-0.03796758
0.027783785
-0.03704831
-0.10173642
-0.17139664
0.06301452
-0.1257998
-0.13546115
-0.0708042
0.07886758
-0.00034692677
0.18488999
0.10247125
-0.12227839
0.12193617
-0.12302999
-0.16347586
0.14827406
0.01043734
0.0038616196
-0.21499781
-0.20471142
0.011100571
0.03514174
0.012594593
-0.00046546926
0.100129455
-0.12655562
-0.0021968982
-0.07632986
-0.063310355
0.033006143
0.05600936
-0.052398633
0.08683579
-0.21625547
0.009728537
-0.0023394774
-0.120032005
-0.027727721
-0.026124338
-0.034162547
-0.039993852
0.10537521
-0.08505119
-0.11180178
0.049681954
0.008922746
-0.09307941
0.034345903
-0.051480804
-0.113260865
-0.009707205
-0.16624537
0.22893752
-0.00067564385
-0.09715791
-0.026653199
-0.08109135
-0.09109503
0.0426839
0.2236362
-0.06403438
0.084552236
0.107160725
-0.05170076
0.055108592
-0.08147192
0.08872287
0.13783549
-0.013807112
0.122552305
-0.15986969
0.18973027
0.19994423
-0.14509362
-0.061700623
0.050215766
-0.112004496
-0.07357424
-0.27770817
0.06848862
-0.22258362
-0.113575526
-0.030290639
-0.09530721
0.049357206
0.010226776
0.057173155
0.02095078
0.16882782
0.19497657
0.049430743
0.16817915
-0.07991787
-0.049262907
-0.11812828
0.16852835
-0.027227016
-0.21893372
-0.1056758
-0.14817788
-0.13065192
-0.13291457
0.12458278
-0.08136418
0.04771682
-0.068293065
-0.18619637
-0.046837624
0.02820451
-0.062743954
0.04923141
0.055467695
-0.070765086
-0.05214208
-0.07118936
0.18883471
0.116336085
0.07177029
-0.10895587
0.13347606
0.012234828
-0.025849883
0.0629537
0.035178747
0.08788345
0.03329182
0.037910886
-0.10843228
0.16207938
0.008666465
-0.021897713
0.038113095
0.07995476
0.0576456
-0.08330462
0.002234469
0.059188582
-0.055190556
0.012370619
-0.136755
0.017869834
-0.028910214
0.08301933
0.13343044
-0.19683944
-0.18538095
-0.014334176
-0.04673476
0.14924526
0.09939713
0.19283384
0.10568085
-0.07094797
-0.22759709
0.06666573
-0.05101332
0.024273515
0.117174394
0.05890739
-0.122931264
0.24157119
-0.10313353
0.22102004
0.18356586
-0.14248241
0.14300045
0.05059538
0.07417841
0.118907996
-0.27208766
-0.08358089
-0.013154995
0.07108036
0.02738406
-0.026595458
-0.13372883
-0.11614154
0.032475594
0.17953177
0.07437218
-0.012532961
0.07495246
-0.13908337
-0.0012443959
0.11294319
0.043164052
0.056708395
0.018705996
0.011841726
0.058933314
0.039952
0.05788926
-0.084699035
0.08066255
-0.116353616
-0.1343397
-0.16230728
0.08896813
0.01442394
0.08823027
-0.028909098
-0.13233785
0.057611197
-0.03626326
0.0221456
0.016295765
0.08456414
0.060690697
0.1400773
-0.043876402
-0.063367136
0.012012088
0.039605148
0.07876414
-0.07157477
0.10087881
0.053449433
0.016945438
-0.06257449
-0.122931965
0.10542606
0.024389917
0.13062586
-0.02905599
-0.053651635
-0.09928217
0.1994142
0.2673278
0.08488971
0.1916234
-0.05627028
-0.07853979
-0.054592725
-0.14591031
-0.043137074
-0.0403484
0.15904807
0.17461994
0.022004182
0.1731461
0.12616473
-0.08445568
0.007965582
0.02605511
0.09026025
-0.03419142
-0.047477446
0.17816572
-0.040311866
-0.15623297
-0.079308555
-0.077275075
0.015006687
0.124731705
-0.043877974
0.022936752
0.05955075
-0.1564539
0.028473632
0.02147024
-0.07319754
0.12553598
-0.06401556
-0.051769875
-0.00356186
0.12538569
0.1236485
-0.07506695
0.01675658
0.043060202
-0.06086868
0.19852306
0.1309404
0.08413152
0.012781284
0.11167831
-0.04818077
0.17893665
-0.023802748
-0.11768968
0.059352364
-0.2282802
0.08351108
-0.16215825
0.019050729
-0.05061942
-0.008468254
0.120153904
0.11343372
0.020329488
0.13481307
-0.007191547
-0.10353967
0.16364373
0.11378693
-0.011747041
0.016388154
-0.1076988
0.0049784807
-0.10330857
0.05502586
-0.059704877
-0.028516501
-0.034781888
-0.03758523
-0.02902252
-0.25122932
0.12505084
