-0.018567467
0.12189934
0.013928081
0.17030863
-0.19623235
0.09270515
-0.028370148
0.11463306
-0.04537849
0.09020755
-0.018846624
0.017313372
0.029792914
-0.14108731
0.15702663
0.11473787
-0.14984444
-0.2676489
-0.10329983
0.09063149
0.06672322
-0.2395658
0.14212857
-0.06447315
-0.17127457
-0.05084085
0.0055270502
0.017037507
-0.04954739
0.1566984
-0.10771941
-0.08019528
-0.21185856
0.20431425
0.055358138
0.062122602
0.13284059
-0.10466469
0.15420808
0.18953115
-0.17144276
-0.110443614
0.18397531
-0.039699104
-0.111948326
-0.014158688
0.106441654
-0.017742822
0.03184045
-0.12899058
-0.22435364
-0.005563703
-0.22676717
-0.068951756
-0.055455487
0.029267149
-0.015906515
0.116596065
0.15627182
0.05375467
0.0053927368
-0.031709462
0.003798858
-0.12005227
-0.013428335
-0.08919595
-0.16727284
-0.08661727
0.057754472
0.17059328
-0.09263114
-0.21667789
0.15668951
0.009334492
0.097943194
-0.07872636
-0.20596392
0.06489591
0.21417472
-0.03336676
-0.08884224
-0.16242783
-0.14281867
0.16510537
-0.25549734
-0.15266505
0.10270233
0.12907994
-0.03796774
0.13993336
-0.13603237
-0.016168414
-0.14513777
0.0040261666
0.003468737
0.04807788
0.002507854
-0.190624
-0.033931058
0.16117677
-0.18653823
0.21430181
0.11493195
-0.09238792
0.21098118
-0.096043535
-0.14525107
0.12009295
0.19512601
-0.02686026
0.07896219
0.014102092
0.10255276
0.013720988
-0.07042533
-0.110089436
-0.0127863735
-0.085776515
-0.0013329884
-0.2171482
-0.08563897
0.016867673
0.05550632
-0.056979544
-0.08707882
-0.10900328
-0.08557846
0.066142835
0.052381728
0.16630967
0.15562831
-0.077959254
-0.21404819
0.18057364
-0.13905774
-0.0703234
0.083457656
-0.16625933
0.18537223
0.057546314
0.048904136
-0.06222721
0.10676532
-0.067286626
0.025164813
0.028251285
0.090343475
-0.28184012
-0.007318461
0.105601504
0.05002925
0.08866372
-0.16012563
0.1368117
0.08711294
0.19404708
-0.028361935
-0.17453972
-0.029267479
0.07735605
-0.2100703
0.04631007
0.13933095
0.03218151
-0.109761775
0.018823158
0.12798999
0.078665525
-0.11287163
-0.11093858
0.12359313
0.02558036
0.0036421698
0.07442484
-0.009382378
0.027012166
0.045164123
-0.0075836265
-0.16069217
-0.14057098
-0.0680769
-0.015515917
0.008519584
0.2530422
0.090978034
-0.034267567
0.01859549
-0.16387452
-0.1130887
-0.24973941
-0.22821912
0.1720623
0.0066905254
-0.063358694
0.06552694
0.036840156
0.14531673
0.034621414
-0.018265072
-0.094117425
0.16658573
0.09600721
-0.16278078
-0.21523492
-0.008127622
0.09189271
0.0013427653
0.1321116
0.055923212
0.19724366
0.026364304
0.11616052
-0.035011567
-0.18861206
0.07513639
0.032829363
-0.12597097
-0.1662738
-0.053939376
-0.10028034
-0.06994482
0.0073479954
-0.088306464
0.03041914
-0.17558138
0.11911802
0.0006671614
0.14161105
-0.056177225
0.13130067
0.134162
0.10090255
0.004162931
0.02574301
0.10400068
-0.09405284
-0.008058864
-0.19552347
0.11193241
0.0004764679
-0.0070893858
0.07417091
-0.101510696
0.105891295
0.17856342
-0.025090298
-0.21666709
-0.11073679
0.012007225
0.19523823
0.024950892
-0.019256962
0.032576744
0.13183789
0.012630767
-0.1262975
0.11652643
-0.0076032113
-0.033877548
-0.043561056
-0.08050892
-0.07595885
-0.041573815
-0.017599236
-0.09335986
0.011023157
-0.26501843
0.0019724688
0.06760201
0.0015481208
0.031512797
0.111252844
-0.17778759
-0.18046635
0.04663257
0.030977914
0.16263905
-0.13658881
0.009414493
-0.03627604
-0.03485847
0.24606468
0.10761583
-0.08085789
0.10703628
0.09876366
0.16393659
-0.08553374
-0.08831485
-0.17085698
-0.17841186
-0.05528888
-0.0039686305
0.0738129
-0.07269262
-0.2290728
0.003302793
-0.071632855
-0.008603302
-0.05886713
0.068730585
0.11476206
0.072883524
0.10794143
-0.066535115
-0.13908772
-0.20276698
0.0040177344
-0.062047247
-0.014169494
-0.12750722
-0.08627418
-0.016186422
0.09731203
-0.20290887
-0.043172855
0.09407781
-0.14613381
-0.18432395
0.06480242
0.049305882
0.06943326
-0.042085532
-0.05237189
-0.09928264
0.20357361
0.110828705
0.03231001
0.2175438
-0.11854088
-0.043787576
0.028369866
-0.035586048
-0.17213
0.16244589
-0.16962783
0.01590718
-0.18303943
0.06545414
0.16974865
0.12078268
-0.010058852
0.056645982
0.17428589
0.059389815
-0.026075853
0.062117472
-0.026811404
0.13359837
-0.052283656
-0.09531818
-0.12692602
0.07571707
-0.038464665
0.2806077
0.019209549
-0.029795615
0.011372678
0.06503633
-0.1729626
0.08492476
0.16975547
0.13449186
-0.12526885
0.00081414025
-0.07642704
0.1540255
-0.035084028
0.037789285
-0.24905534
-0.12823735
0.12288379
-0.05250208
-0.0702841
-0.12277226
-0.024114437
-0.19298567
0.06696013
0.09551103
-0.085109696
-0.08340484
0.057022378
0.178466
0.10405675
-0.13383089
0.098439455
-0.030063426
0.19595872
-0.18650317
-0.0061096027
-0.16615301
0.0494368
0.08898593
-0.23861772
0.15505281
-0.07924948
-0.104365304
0.16708076
0.04457297
0.14817825
-0.07980037
0.14292853
0.1301384
-0.020624604
0.26506665
-0.1401369
-0.14647041
0.20790352
0.043979365
-0.03292583
-0.121746965
-0.2583463
0.042906877
-0.004415813
-0.021464298
0.016118623
-0.049116462
-0.11242416
0.075646944
0.1188028
0.054417044
0.086840615
-0.040972777
-0.047179494
-0.067152016
-0.008254284
0.15384544
0.04155012
0.31560898
0.039221887
0.042822182
0.030867347
-0.042480435
0.109621935
-0.025554394
-0.102531515
-0.2650839
0.046300765
-0.0982795
0.20799206
-0.062096927
0.04513025
0.050869927
-0.03989698
0.0034448246
-0.19305542
-0.043945912
-0.18183817
0.19362086
0.059819177
-0.06163526
0.177553
0.010160758
-0.042325437
-0.18060008
0.17230336
0.06409011
-0.11280422
-0.008966157
-0.21606259
-0.049702026
-0.16633488
0.18615316
-0.019804329
0.016281217
-0.033830956
-0.056178905
0.19112858
0.17814054
-0.1872683
-0.1458112
-0.13251226
-0.15459596
-0.21723026
0.08477252
0.10687383
-0.053125378
-0.0574349
0.043821473
-0.10405722
-0.08017612
-0.14021271
-0.106612384
-0.20268138
0.08715178
-0.07278901
0.20541243
0.08139975
0.05751297
-0.025650201
0.09430425
0.016921474
0.08132008
0.025031457
-0.18292014
-0.11045704
0.06366648
-0.06256729
0.06783238
-0.001218459
0.09567409
-0.104260094
-0.058119524
-0.057369363
0.036000926
0.034907497
-0.13813724
-0.0051444727
-0.13790596
0.022167502
0.002152769
0.06318837
0.14079838
0.08170356
-0.14026372
-0.04085179
0.0054840534
-0.0015180337
-0.08429169
0.02862698
0.058177367
0.08894141
-0.070671365
-0.19566746
0.17751954
-0.107227206
0.035784595
-0.15317385
-0.038951587
-0.13647647
0.123010755
-0.13564608
0.121153496
-0.05040162
-0.012118068
-0.08627783
0.1002445
-0.11055363
0.0025730552
-0.06874296
0.049931396
0.025106687
-0.10281218
-0.039085474
0.13497062
0.032943547
-0.05567076
-0.062206265
-0.115839064
-0.0039730505
-0.08336011
0.022422735
-0.09114008
0.014334947
0.08521137
0.01510832
0.035266243
-0.007677251
0.041967794
0.16266297
0.14802185
0.037343487
0.02251226
-0.15755296
-0.20756352
0.060532127
-0.10694179
0.089197524
-0.033623006
-0.12629947
-0.2039128
0.03432617
-0.068879135
0.117676996
-0.13104405
0.028357392
-0.1691729
-0.016553422
0.12341012
-0.15327936
0.002503731
-0.10902718
-0.18357435
0.113222025
-0.027087279
0.12714303
0.0087665105
-0.15500185
0.06742776
-0.08560043
-0.104019605
-0.024645317
0.074022256
0.03732847
-0.041753422
0.17765544
-0.017510507
0.03781871
0.10169931
0.07638178
0.0811491
-0.0065667694
0.127327
0.03053587
0.08133009
-0.15993294
-0.020394167
-0.1253253
0.03092431
-0.058422077
0.01901636
-0.05194453
0.022238621
-0.12958418
-0.11799802
0.12795609
0.26692975
0.024852842
0.029062012
0.028927004
0.15888618
-0.09650035
0.006873374
-0.017737463
-0.15773234
-0.08713648
0.08009852
-0.19893594
0.121721745
-0.10909206
0.06263201
0.16713896
0.040927578
-0.013961971
0.1285568
-0.20832229
0.08237834
0.08569362
0.12110756
0.0684218
0.05452803
0.21370338
0.19257951
-0.09643852
-0.21796311
0.007814553
-0.07589102
-0.043665156
-0.015459151
-0.19415356
0.10786317
-0.0485751
-0.1582143
-0.14020906
-0.16056539
0.10080846
-0.047394276
-0.09734449
0.08772987
-0.06568765
0.24797158
0.13446079
-0.21515867
0.042672165
-0.015362788
-0.0339617
-0.09700562
0.04208774
-0.011027103
-0.033682276
0.101391375
0.011472932
0.1030169
-0.023073293
-0.08412087
-0.06848539
0.13673033
-0.114225924
-0.09460954
0.11759527
-0.04882997
-0.012290141
-0.105076745
0.1135262
0.086034566
0.18953398
0.06640974
-0.02591684
0.11643513
0.017139535
0.012443498
-0.18345146
0.12456766
0.17842236
-0.18150681
0.14021555
-0.07674432
0.123554945
0.12988478
0.043535322
0.020522768
-0.11124593
0.05968321
-0.09328069
-0.0726268
0.15936132
0.23573884
-0.14374499
0.006576223
-0.121507876
-0.020451766
0.05757882
-0.050999515
-0.05601594
0.018266974
-0.01715463
-0.11323797
0.14422151
-0.1079487
0.08203397
0.14644395
0.03309337
-0.08313837
0.0010780832
0.15854046
0.013749773
0.084381245
0.12856248
-0.11117904
-0.10680332
-0.11889535
0.029259212
0.061110448
-0.027083462
0.09585544
0.0945618
-0.016539846
-0.11261167
-0.003706618
-0.09709489
-0.20510995
0.026602382
0.07359384
0.22857319
-0.0049806777
-0.008307351
-0.15602243
0.025446095
-0.013013172
-0.03142468
-0.056198608
-0.14200525
-0.1768833
-0.10155458
-0.04014335
0.24336761
0.23717938
-0.01652569
-0.20514198
0.11794946
0.057853363
0.05071588
0.14653572
-0.1395413
-0.014172717
-0.023547268
-0.110688314
-0.2435905
-0.16597521
-0.05283121
0.025088346
0.096168414
-0.1048322
-0.07666858
-0.20511788
0.020282956
-0.09985708
0.009991594
-0.024899883
-0.022239078
0.027168304
-0.010839547
-0.12945057
-0.12786123
0.19749768
-0.22026335
0.06733815
0.11709835
-0.2693641
0.056216016
0.09814211
-0.1951435
-0.19319558
0.041104198
-0.012498856
0.07157498
-0.101287104
-0.18335578
0.17119448
-0.012095162
0.02522883
0.025021302
0.0016118896
0.15316571
-0.07572342
-0.00017244148
-0.08142322
-0.1388524
-0.062914796
-0.021938128
0.015243797
-0.28478754
0.021733806
0.05113219
-0.14840706
0.041649275
0.061935145
-0.00837674
0.19312501
0.05018532
0.1121174
0.20604457
-0.2450999
0.19886684
0.04710242
0.12811561
0.02695774
-0.15788433
-0.23584017
0.12744735
-0.0074558784
-0.0065034847
-0.0062902123
0.025441652
-0.2075103
0.1638238
-0.10419805
-0.11094039
0.0006250602
-0.006229743
