0.09416603
0.09587883
0.09820217
0.09769012
0.1052427
0.103164844
0.095752865
0.10664824
0.09168224
0.08994328
0.08087361
0.10191876
0.10070741
0.10240477
0.09723626
0.097054645
0.08875298
0.10616852
0.08991772
0.09148932
0.105173774
0.10334019
0.09114306
0.115498275
0.103907585
0.10781598
0.10230624
0.078794755
0.10072032
0.12978831
0.0911447
0.109009095
0.08069663
0.11510145
0.069017455
0.11057586
0.089471415
0.1270531
0.09387328
0.10766172
0.09193725
0.123428114
0.10494573
0.09648692
0.11466881
0.10405194
0.09172602
0.0961908
0.08967292
0.08889547
0.12065889
0.11117373
0.091302186
0.0918403
0.08524185
0.09306683
0.08720787
0.100692086
0.0944233
0.09805006
0.09280725
0.12763128
0.119685635
0.10841016
0.11285852
0.09915156
0.09332055
0.09853664
0.0950207
0.08617611
0.08642682
0.114268415
0.09896806
0.0914996
0.094086155
0.1084238
0.09705333
0.097973324
0.09868306
0.10427081
0.116628334
0.103595994
0.10757453
0.098202676
0.10145095
0.104212075
0.103034526
0.08716021
0.114879586
0.09122875
0.100851595
0.12352921
0.1103795
0.076815315
0.11219525
0.08905997
0.09893741
0.094667315
0.1014571
0.09347268
0.093254
0.08701323
0.1062546
0.09592931
0.11564881
0.09290327
0.11016604
0.0893674
0.09534724
0.102648154
0.10270486
0.09971931
0.102721095
0.100409016
0.1048896
0.09580725
0.09299106
0.10835978
0.09633157
0.111642584
