0.11444674
0.123870306
0.040685523
0.075011015
0.14395082
0.02889477
0.09871417
0.08215516
0.14765052
0.12337736
0.09096426
0.061151147
0.1335479
0.10352583
0.14549808
0.11313926
0.098392
0.107662626
0.11028608
0.12597248
0.081911206
0.03499692
0.08982431
0.111127056
0.07241261
0.1352103
0.12169336
0.061266694
0.09792224
0.06978485
0.109273195
0.12877664
0.13633898
0.052356932
0.031875305
0.10530941
0.04259982
0.047270168
0.10372166
0.12976338
0.11327181
0.060767896
0.071188875
0.04376245
0.07951196
0.08233751
0.10024353
0.098445185
0.095684424
0.079139434
0.06414997
0.14174326
0.054788504
0.08349949
0.044390373
0.14427441
0.13254648
0.11895825
0.1006216
0.11704605
0.11207523
0.14281197
0.06109611
0.110018626
0.08218174
0.11598278
0.104461424
0.035287347
0.06378269
0.039854005
0.089492835
0.066225894
0.115936995
0.06280429
0.03143157
0.050664235
0.13511163
0.10407003
0.17299272
0.04911897
0.08679979
0.08082149
0.0916023
0.06742257
