0.04221851
0.08494423
-0.08077021
-0.11292281
-0.024684507
0.011545378
0.2197223
0.006007727
0.13309498
-0.116767935
0.118206054
-0.11937031
0.16564387
0.0973084
0.030682445
-0.054620937
0.03236986
0.14363007
0.13442908
-0.015416045
0.0614702
-0.149787
0.12676273
-0.13628203
0.25168714
-0.03122712
0.132751
-0.09569547
-0.021688487
-0.036528848
0.18191852
0.100166745
0.053489625
-0.23734152
-0.075183794
0.010609407
0.24652584
0.19524099
0.010499401
-0.28332758
0.044479553
0.0091118775
0.13987865
0.16295445
0.24390292
-0.11074428
0.15992056
0.0883329
0.04687118
0.11584647
0.14045648
-0.040284064
0.018371992
0.101560295
0.05002902
-0.14549254
0.108221635
-0.18682958
-0.2037241
-0.011372751
-0.033509262
0.105242014
-0.10585122
0.0983471
-0.06504943
0.09404998
-0.13614435
0.20445505
0.09700011
0.04285563
0.27905563
0.07116926
0.0035299433
0.0033093446
0.085095875
-0.055983953
0.06099952
0.13743274
0.029199053
-0.024057942
0.2896451
0.0028544762
-0.10093597
0.18886678
-0.11230501
0.03543381
0.11571055
0.06264098
-0.008677374
0.15296583
0.023374742
-0.047769234
-0.17200586
0.2046158
0.020328047
0.17428884
-0.05383622
-0.09621253
0.22509396
0.32400256
0.20093419
0.14238821
-0.16441482
0.14572927
0.051773682
0.015357577
0.12322141
0.27141112
-0.19244464
0.14240336
0.055849437
0.07473868
-0.20234844
0.16376063
-0.13936591
0.11889019
-0.008327136
0.025127133
-0.23348682
0.08138961
-0.24074844
-0.049863473
-0.08580277
0.10969101
0.11892582
0.17163171
-0.17781498
-0.092720255
-0.054183133
0.04571393
0.06262237
0.1993167
-0.23845543
0.16308686
0.19290933
0.08631697
-0.02597126
-0.095065035
-0.024213217
0.14992335
0.16320705
0.2212759
-0.110704064
0.1566629
-0.023873147
0.19228753
0.005583317
0.060301743
-0.25617212
0.07103899
