-0.09926061
-0.047765147
0.103021845
-0.14395209
0.12680766
0.18485233
-0.13478968
0.16764979
-0.094259866
0.14760415
0.055438347
-0.049623385
0.018328995
-0.035237163
-0.09575704
0.09961014
-0.00837791
-0.060101856
-0.10386084
0.023319082
0.15120828
0.028905377
0.054257084
0.149381
0.18083297
-0.010841935
-0.14787467
-0.2683854
-0.09540781
0.007148202
-0.0072423457
0.08771704
-0.12892279
0.10561591
-0.08349327
0.062312745
-0.04957954
-0.05938352
0.17883377
0.105322845
0.095057815
-0.073097974
-0.1103259
0.14785238
0.101529896
-0.12821718
0.10520792
-0.056363415
-0.18498412
-0.080775276
0.06734013
-0.08394623
-0.11399983
0.18363726
0.018241366
-0.2173226
-0.12327527
-0.050523702
0.0905989
-0.040063605
-0.061758507
-0.03111979
-0.1727657
-0.020976467
0.031095449
0.072438605
0.040122446
0.24276836
0.030492619
0.12640277
0.021505179
-0.08573232
-0.0778144
-0.090795435
0.08932012
0.063288234
-0.1256532
-0.07677269
0.18075377
0.040664513
-0.08069697
0.13691214
0.029834893
0.10037936
0.11262276
-0.022672456
0.081185125
-0.12546529
0.06682536
-0.043184392
0.03381068
-0.019269317
0.057966232
-0.12998371
0.061321665
0.13162829
0.09660706
0.13820454
0.09831261
0.07517103
-0.077181846
0.048550997
0.035497896
0.32554138
-0.06632115
0.049383845
0.045982894
0.07015649
0.078808635
0.23602219
-0.009333795
-0.08078014
-0.0036614123
-0.025414357
-0.05002029
0.13007474
0.1563374
0.08238789
-0.073123775
0.037742183
-0.07595264
-0.075184494
-0.015046299
-0.17044356
-0.07331348
-0.01071204
-0.039488584
0.1653719
-0.011653048
-0.008599225
-0.14671727
0.13030873
0.004346103
-0.06405568
-0.14307347
0.20004277
0.13017212
-0.06355741
0.017860599
0.021518584
-0.042500723
-0.10493375
0.09869254
-0.016117025
-0.07747191
-0.16207224
0.15670283
-0.13800487
-0.1371691
0.005517011
0.15093964
-0.053835567
0.13935195
0.10410628
0.06560534
-0.17598872
-0.22440563
-0.029429758
0.07987739
0.0434497
0.056907196
-0.04173726
0.10688258
-0.0013199033
0.036915895
0.059985608
-0.042614195
-0.11589057
0.062077384
0.04528248
0.07945749
-0.09093983
-0.06988684
-0.059175704
0.045836672
0.036081936
0.07090687
0.0982185
0.17124061
0.08290687
-0.15745011
0.10817568
-0.10297576
-0.15961707
0.0023166076
-0.031068055
-0.09374786
-0.13690765
0.08386624
-0.0972052
0.060272064
0.037030723
-0.008586931
0.15981911
-0.035767052
-0.019078176
0.063310556
-0.005133222
-0.20421268
0.12904698
0.03292703
0.07918784
0.004750651
0.14211239
-0.14502384
0.018861495
0.0818082
-0.05774609
-0.033489987
-0.036727242
-0.027091643
0.012721358
0.16588613
-0.02401704
0.1240047
0.080438025
0.019289933
0.10396826
-0.12111247
-0.007199245
-0.07487362
0.012328115
0.084415
-0.07566711
0.09349922
0.023399848
0.0675873
0.18858175
-0.0837532
-0.0102070235
0.068014346
0.07723047
0.01268331
0.18269978
-0.04833047
0.020540677
-0.13939075
-0.033211235
0.00077628344
0.03369311
-0.109925166
-0.089802586
0.2281196
-0.1839016
0.06655133
0.0091718575
-0.048406005
-0.16090631
-0.13953993
0.10564871
-0.0679565
-0.19862007
-0.01209991
0.09903286
0.19632281
0.024724793
-0.04395888
-0.034269083
-0.04004811
0.25885475
-0.034055118
-0.10409352
0.027700495
0.02070838
-0.13191679
-0.13897882
0.03904207
-0.031707603
0.022648714
-0.0026567287
-0.09837543
-0.024013717
0.14726765
0.029050434
-0.026126154
0.07709601
0.012756293
-0.14979605
0.08809931
0.053736113
-0.15859339
-0.07870241
-0.12027286
-0.10240969
0.09790429
0.045479026
0.1815429
-0.069272324
0.074447654
0.034110364
-0.04596312
0.10995016
-0.25885853
0.13032575
0.07739765
-0.012858637
0.031674262
0.016648447
-0.017222838
0.036195092
0.012262814
0.0834826
-0.06863829
0.1602643
0.10007024
0.035493985
0.052627712
0.12508008
-0.08688182
-0.12290087
-0.060993865
0.021810602
0.023040598
0.060722638
-0.004040006
0.025443885
0.053601224
-0.014559295
0.05780638
0.019265592
-0.12648158
-0.019207807
-0.14698401
0.15050574
0.0035884585
-0.10883671
-0.09656104
0.17284991
0.08688878
-0.08828825
-0.08015422
0.12859619
-0.04677969
-0.13657206
-0.081733145
0.14375435
0.0859248
-0.24409124
0.10411885
0.04114178
-0.13268252
0.0816772
0.027219612
-0.05105177
-0.055930052
-0.07361028
-0.03676277
0.10365965
-0.19040418
0.0592446
0.035855018
-0.06363339
0.1477711
-0.13220628
-0.0832338
0.06629445
0.1415655
-0.051608652
0.2057248
0.005505615
0.030014727
-0.024738472
-0.062099546
0.09878187
0.042960998
-0.08748576
-0.15226026
0.15437712
0.1515916
0.06314925
0.05652477
0.0672362
-0.004102782
0.095749214
-0.002426295
-0.016501797
-0.011676294
0.12051729
0.012167522
-0.011354407
0.05974686
-0.050081056
0.15960835
0.1727424
-0.11044463
-0.08775591
-0.061401814
0.09964106
0.1577259
0.115284935
-0.076881565
0.114211425
-0.002269324
-0.1039511
-0.01701806
0.06880715
-0.11622591
-0.1601455
0.11186257
-0.05117272
0.12326021
0.03468647
0.076321915
0.1421561
-0.123183884
-0.010941691
-0.13670607
0.08052133
-0.08587412
0.005495848
-0.0071583902
0.01119628
-0.09886763
0.12415414
-0.0075805695
-0.1455956
0.037804045
-0.008084302
-0.07301636
0.0073162336
0.05058186
-0.2392001
0.045318246
0.0549338
0.046189558
-0.034255225
-0.0316084
0.20174545
0.19470374
-0.01281695
-0.097518906
0.15440159
-0.011405927
-0.11441359
-0.055937406
-0.12962261
0.00935824
0.1239855
-0.028813098
0.12915824
-0.14478762
0.20231216
0.17968756
-0.09879158
-0.09522772
-0.06090801
-0.06370251
-0.027687008
0.053480167
0.031457506
0.09778183
-0.08703155
0.30680254
-0.02864472
0.014038614
-0.06389752
-0.008199227
-0.038209278
0.014576637
-0.056957003
0.15090331
-0.022627119
-0.0034796847
0.15889274
0.09241754
-0.020154273
-0.1871436
-0.066933386
0.14805222
-0.045692503
-0.14362735
0.08268316
0.13442042
-0.01661631
-0.13634734
-0.03563865
-0.024788266
0.20953509
0.0715874
-0.023596922
-0.027019134
0.12899783
0.07255467
0.028102739
0.07380343
0.099908
0.0340029
-0.1407683
0.010565449
0.031560346
-0.041656807
0.102224745
0.031219244
-0.046344142
-0.0876596
0.124723166
-0.10948231
0.14251517
-0.08236677
-0.016583813
0.12530303
-0.006695241
0.09477812
-0.14580914
-0.046854004
-0.00942758
0.17185792
-0.19801658
0.00472574
0.14650294
0.08467968
-0.18180704
-0.16915041
0.08572619
-0.11082096
-0.03315409
0.08224866
0.06898984
0.13520709
-0.06400017
-0.08626294
-0.0031339603
0.040145084
-0.16694103
0.058727767
0.07062609
-0.071959406
-0.053849928
0.0097609
-0.08576829
0.14768954
-0.20036519
0.1115101
-0.116081394
-0.25405037
0.0711264
0.041105177
0.088276826
0.06794429
0.058524497
0.046947066
-0.015636846
0.059718028
0.123242855
0.07326477
0.12014977
0.16785891
-0.00044857746
-0.055621237
-0.01533487
0.0028096486
0.027287241
0.016380891
0.070902206
0.018662121
0.062179636
0.06666796
-0.038145863
0.0035312246
-0.22393906
0.025607591
0.026631856
-0.0548956
0.13988346
-0.04189765
-0.10659292
0.057316586
-0.2628054
-0.0011839062
-0.021481838
-0.11788101
-0.23367807
-0.020172294
0.06304674
0.08798771
0.07911652
0.16341938
0.040287282
-0.06806031
-0.17067586
-0.10625047
0.114619195
0.11495897
0.017770693
-0.11788538
-0.03426319
0.11668018
0.0153276585
-0.16175619
-0.068421096
-0.023114912
0.06479673
-0.13141046
0.04656881
0.06375366
0.04471601
0.052646317
0.0636805
0.021101795
0.04604752
-0.04078407
-0.004558536
0.08230045
-0.069419354
0.1948232
0.066111036
0.22387818
0.06942742
-0.0069679334
-0.15756789
0.07279794
-0.026439114
-0.017059892
-0.1371281
-0.0060951514
-0.054143406
0.15755486
-0.17533872
-0.03233615
-0.1157549
-0.12817623
-0.14975531
0.09267755
-0.0032808296
0.025385115
-0.10087573
-0.029747063
0.003162317
-0.0069750655
0.116080105
-0.052553874
0.15255491
0.17745732
0.0002629351
0.05021678
0.032105993
0.11452345
0.18480687
-0.09417678
0.044370245
-0.1180845
0.0037313795
-0.16646427
0.020817945
0.014596933
-0.24105103
0.030406069
-0.04256773
-0.09889254
-0.060975958
0.008582851
-0.12571424
-0.060896873
-0.114873745
-0.01613628
0.041878067
-0.064121224
-0.108756356
-0.16461352
0.11991684
0.14703277
0.011233819
0.024804624
-0.2956247
-0.1364512
0.01539209
-0.0069253608
-0.04518248
-0.024475545
0.07994144
0.002377537
-0.1304402
0.1714186
-0.04943648
0.013352312
0.051573697
-0.23641945
0.2137067
-0.09292164
0.23530139
0.14097434
0.05025323
0.017273264
0.1818979
0.065821014
0.1080098
-0.07747566
-0.06117589
-0.074322805
-0.062416982
-0.039312314
0.06781462
-0.11094504
-0.14148046
-0.114661016
-0.023263458
0.047965184
0.05841639
0.08647507
-0.004574912
-0.10087373
0.110175945
0.0709645
-0.060127955
-0.0108171655
-0.20816113
-0.058747746
0.070840195
0.058583096
-0.15419316
-0.0934088
-0.11489087
0.0048737177
0.052123938
-0.029252654
-0.034179695
-0.20415422
0.14459835
0.02130409
0.046462882
0.14636515
-0.22266406
-0.04841417
-0.2512107
-0.17897351
0.020975474
-0.0508485
0.06717464
-0.078205064
-0.13710515
0.06400412
0.12583652
0.09576875
0.08755167
0.0023995691
-0.1365367
-0.012582422
0.18191944
0.030011257
0.0056260503
0.21337502
-0.106748804
-0.038033985
-0.033327483
0.025861947
-0.1851636
0.12741597
-0.045741588
0.09499982
-0.090149626
-0.29644698
0.11744865
-0.13016056
-0.16233625
0.08742811
0.12253694
-0.08764257
0.10451621
0.03358382
-0.10677857
-0.011241333
0.043638907
-0.02135369
0.026846476
0.08075031
-0.033708412
-0.0072984453
0.08029798
0.07329237
0.16713156
-0.13487533
0.08805839
-0.0119717
0.2076072
-0.1090528
0.22722206
-0.059924714
-0.10473044
0.13694802
-0.043429624
-0.037330344
0.067619294
0.045923043
0.08914051
-0.057072405
-0.12085176
0.15396471
-0.03857687
0.19135459
0.18374106
-0.079482906
-0.22287805
0.051236298
0.22355594
-0.036399156
-0.118703425
-0.09098949
0.002927663
-0.007079134
-0.19986464
-0.012004668
-0.13313687
-0.0437897
-0.0029612973
0.09972251
-0.13522136
-0.08912844
-0.09663848
-0.04707689
0.058060504
0.09753211
0.1010799
-0.114409335
0.035527546
0.12764244
0.18322322
0.083869204
0.024553832
-0.048897333
-0.035370167
0.017707715
0.17685728
-0.118942894
-0.09011767
0.021445055
-0.08784425
0.12785831
0.17601544
0.041845363
0.14385694
0.08319656
0.11412005
-0.16885778
-0.067811444
-0.02664454
0.028915053
0.12730393
-0.12864926
0.22205727
-0.14224389
-0.115888044
0.004065622
0.12732205
-0.06676663
0.0027563951
-0.03939085
-0.15116446
0.19158387
-0.13111824
-0.18324707
-0.04021922
-0.19457881
-0.009986419
0.10753986
-0.041989688
-0.035131283
-0.040756863
0.004625173
0.07147237
-0.13284473
-0.08427703
0.15341437
0.13224672
0.08856701
0.06342656
0.04612127
0.04096757
0.02910207
0.005176378
0.014080242
-0.20999774
0.049843114
0.0989328
-0.170704
0.04053653
0.17965433
-0.1703113
-0.025468899
0.030026421
0.0019503025
0.060270317
0.11625329
-0.052176304
-0.16412884
0.010430714
-0.086217664
0.013058811
-0.1678455
-0.079160474
0.22252193
0.112569846
-0.1930005
-0.026423525
-0.10491791
0.069387466
-0.06612839
-0.015072561
-0.08379654
0.098875225
-0.016249621
-0.13021243
-0.08244308
0.0033942775
0.15134728
0.029163906
0.043212958
-0.00613082
-0.07738452
-0.00059118937
0.1374426
0.021618864
0.069374144
-0.13413563
-0.13624948
0.053291008
-0.066562526
-0.031364057
0.20538479
-0.076699324
0.082121424
0.16755411
0.10323925
-0.08419762
0.11702071
0.047859486
0.10848374
0.15004434
-0.024362737
-0.0016672692
0.013995358
-0.106557444
-0.08268348
0.015615477
-0.051862806
0.08630434
-0.008017873
0.013045873
-0.07354453
0.13807301
0.10090593
0.0049239085
-0.064571895
-0.17881423
-0.052295275
-0.1504527
0.11596741
0.06341111
-0.04581123
0.14013594
0.05492298
0.0028351252
-0.16014092
0.15281154
0.05765563
-0.06779444
-0.023864709
-0.042378448
-0.06049358
0.03824204
0.07692028
0.11972773
0.012111541
0.17534846
-0.09669984
-0.1937672
0.09678179
-0.05488666
-0.05329571
-0.17681965
0.05127401
-0.06343688
0.0035490508
0.17771615
0.029065138
0.06873194
-0.0249622
0.1359983
0.0004008446
-0.08516198
0.14791337
-0.020211859
0.096737236
-0.014330309
-0.07240114
-0.027205423
0.045583606
0.078727365
-0.093871824
0.12946922
0.010714728
-0.10794999
-0.0008288743
-0.07960999
0.002455156
-0.106978394
-0.036235966
-0.1362905
0.09136676
-0.0028724791
0.016304078
0.047073975
-0.042466544
0.09179715
-0.18080984
-0.13646212
-0.0027256657
-0.023840027
-0.16036662
0.17747188
0.05720192
0.015021628
-0.12774955
-0.029184196
0.12336015
-0.0129139
0.1711938
0.024663603
0.08945175
-0.066209234
-0.011802437
-0.06285012
0.14733613
-0.06384867
-0.12398213
0.0019389634
0.17034641
-0.0048527643
0.17455725
-0.10497279
-0.07681261
0.09139277
-0.09566329
-0.07979365
0.23589294
-0.03545756
0.11262689
-0.09683723
0.038209174
-0.07012741
-0.106698416
-0.027197592
0.054755993
0.112702794
0.16224843
0.09207539
0.04781703
0.006621387
0.05984086
0.13812931
0.15013547
-0.014261089
-0.14849006
0.064642444
0.019821972
-0.118162125
-0.015121431
0.14547548
0.23385845
0.11958463
-0.040140387
-0.008778466
0.15945095
-0.08452997
-0.08603594
-0.010818222
0.123274304
-0.08902995
-0.094782226
-0.026723929
0.071143165
0.13267973
0.17465118
0.1316815
-0.09883003
0.041784804
-0.1033827
0.08433512
0.116765186
0.0014296332
-0.01648833
-0.111780025
-0.19304481
-0.060096577
0.091798574
0.05550848
0.03575233
0.049644034
-0.15519291
-0.016420476
-0.23616381
0.012159238
0.0006786812
0.12565267
-0.011641271
-0.069000356
-0.17295901
-0.08876448
-0.12947246
0.14269532
0.023013584
-0.007187788
0.12833191
0.08129811
-0.013149441
0.13173093
-0.12478439
0.11090033
-0.043517534
-0.08426291
0.11236325
0.01979184
0.009896542
0.116300315
0.039444678
-0.15285939
-0.040377658
-0.03437828
0.08697543
0.026481632
-0.045688108
0.10801385
0.07515532
0.06883134
0.1960218
-0.039312363
0.04417662
0.036076073
-0.16249551
0.027049277
-0.018555693
-0.02205809
0.16420536
-0.09630721
0.03810281
-0.025204742
-0.09684028
0.0067803175
0.05561838
-0.05455588
-0.07508572
-0.1369192
0.07420668
0.007609385
-0.022545561
0.07257981
0.038888663
0.067160904
0.040267665
0.119374804
0.18306026
-0.033247396
0.16741343
0.016312873
-0.10215883
-0.09745662
0.019494576
-0.26376256
0.15041393
-0.029694028
0.038876276
-0.063807786
0.10098972
0.089609
0.0038892056
-0.13909194
0.05714055
0.047135357
0.18832342
0.010059148
-0.17941825
0.12782341
0.116008356
0.083901115
0.1347368
-0.042313725
0.03293532
0.12666458
0.069832675
-0.02252544
-0.12452245
0.06895931
0.021921186
-0.0025003152
-0.063833535
-0.17791593
-0.14948633
-0.038806144
0.090902396
0.20772353
0.08486696
0.084404446
-0.17066239
0.07196329
-0.013339752
-0.21513216
0.06436288
0.02329759
-0.040802855
-0.017959919
0.16127491
0.13800843
-0.0854029
0.10126029
-0.10923932
-0.14557414
0.067899786
-0.038424846
0.05519175
0.14169614
-0.05240363
0.011588051
0.16463968
0.21596521
0.10521283
-0.048041224
0.003819341
-0.17345014
-0.15950179
0.024679797
-0.06725326
0.22580262
0.036889996
0.0049174395
-0.12937145
-0.030274441
-0.108113565
-0.093430385
0.21860848
-0.14654198
-0.03947131
-0.13697506
0.0019706872
-0.027193362
-0.2209085
0.10705324
-0.15928246
-0.034155633
-0.11008196
0.036382902
-0.17413503
0.09431547
0.017731128
0.006344296
0.11941579
-0.043924324
0.036836628
0.056220416
0.015556218
0.14942907
-0.15470296
-0.056904536
-0.13059498
-0.13134442
-0.04333898
-0.2604233
-0.23432112
0.0475029
-0.18481205
0.07379215
0.12547195
0.03185387
0.07883551
0.07742341
0.12611255
-0.06566942
0.046879943
0.040715717
-0.08003612
-0.057249717
0.10355762
-0.19343917
-0.06914448
0.0035336874
-0.02995096
-0.099659674
0.035081554
-0.09431711
0.03773676
0.15168896
-0.22275862
-1.253275e-05
0.131713
-0.12280484
-0.09885202
-0.08814685
-0.053909525
-0.012730647
0.059527464
-0.01399516
0.05002803
-0.03287768
-0.14121011
-0.07910437
0.17412353
-0.15745689
0.047123548
-0.056746893
0.1338351
-0.04247889
-0.1313043
-0.18370204
-0.010092132
-0.044981558
0.116882406
0.26680323
0.041369185
-0.0080921715
0.16920513
0.061571732
0.042957537
0.15179014
-0.2477204
-0.21007036
-0.11977335
0.034147702
0.15784015
0.09917804
0.17488047
0.07113539
0.08142329
-0.06408816
0.08571707
0.1792245
0.10176172
-0.14739996
0.07479397
0.018937036
-0.010688698
0.031757023
-0.06596528
0.018179253
0.09088714
0.06287868
-0.03674636
-0.026947804
-0.023357745
0.046334334
-0.013039008
0.07991908
-0.03382673
0.19878693
0.05467236
0.16106693
-0.123247586
0.07972712
0.01681399
-0.06518088
-0.15467791
-0.14876999
-0.041038457
0.038589127
-0.139843
0.07796512
-0.05696374
-0.087335505
0.00890338
-0.21795501
0.1908784
0.043283887
0.00012434245
-0.105104715
-0.14344314
0.04569651
-0.018786868
0.06373908
0.07512478
-0.09661935
-0.08233348
-0.09566816
0.066356875
-0.0152449645
0.107696965
-0.15989365
0.014984897
-0.06308965
-0.012712495
-0.141257
0.015283967
-0.010382568
4.334296e-05
-0.032714464
-0.0027207958
0.13444765
-1.8411141e-05
0.04068105
-0.02718836
-0.10361461
-0.06551074
0.07603989
0.052676708
-0.02725536
-0.122054756
0.19268468
0.00037518676
-0.032376394
-0.10682695
-0.033820678
-0.043706883
-0.15048659
0.17352167
0.08798916
-0.13503124
0.061830442
-0.1070663
0.15456662
0.060286097
0.13664518
-0.30204955
-0.15993392
-0.014030904
-0.033753052
-0.013002198
0.005552196
0.13007885
0.17310338
0.008067904
-0.18871346
0.025383724
0.052637342
0.0308426
-0.20900245
0.18986174
0.0016399807
0.036172
-0.10362736
0.13475266
0.15703742
0.029727649
-0.13731085
0.004400935
-0.086526155
0.01711546
0.2425957
0.105129965
-0.19431074
-0.16132805
-0.04289441
0.20357479
-0.043783206
-0.19214065
-0.07969407
0.17294279
0.08289249
0.015780194
-0.07727376
-0.110528305
0.009313695
-0.023634389
0.19618699
0.03704972
-0.075795464
-0.09911622
0.045591597
0.0908031
-0.05002694
0.22570646
0.04270203
0.029096425
-0.090018384
-0.027234297
-0.090745896
-0.084943116
0.20082667
-0.12622337
-0.1726205
0.028296966
-0.041373145
-0.11911068
-0.010426916
0.054924075
-0.038226336
-0.078890726
0.049248565
-0.091426745
0.024768325
0.029264266
-0.017544726
0.10475716
0.1351976
-0.22322547
0.060960114
-0.18705577
0.11637177
-0.16426456
0.10622729
0.14075212
0.021278335
0.03361906
-0.12624983
0.044454213
0.12719044
0.021039866
-0.037167475
0.22398889
-0.09741681
0.1009025
-0.098174766
0.03614595
0.080506794
0.030193748
0.13925456
0.08744769
0.0720974
0.10924868
0.029487193
0.21399385
0.023347944
0.21370147
-0.12306351
-0.034736376
-0.13834958
-0.10727914
-0.100425705
0.27644867
-1.835896e-05
-0.13848515
-0.018485691
0.14506005
0.11035859
0.0028832552
-0.007071534
-0.112624235
0.031451996
-0.06429764
-0.1752185
0.023790281
0.12346288
-0.19409128
-0.015608314
-0.010237961
0.19488394
-0.0740652
0.04205755
-0.072701685
-0.1954033
0.14488225
0.0368241
0.02023327
0.03515361
-0.040124282
-0.23402633
0.11715971
0.07164271
-0.15577786
0.09499857
-0.083492085
-0.13351876
0.075289086
0.009353524
0.02004756
0.1336587
0.11879029
-0.055187922
-0.017916793
0.019836029
-0.06918236
-0.009741442
-0.06040106
0.11013649
0.06517949
0.15280877
0.07621113
0.15610883
-0.14540343
0.05837938
-0.060440835
-0.07642547
-0.027354075
-0.14857396
-0.08721869
0.054073785
0.13142401
0.039431415
-0.01318329
-0.074798346
-0.15899536
-0.15703703
-0.17584398
-0.04053138
0.103486605
0.044778988
-0.039326604
-0.008448416
-0.07751384
-0.044939153
-0.057925884
0.084475234
-0.20214404
-0.043239042
0.028794922
0.16282797
0.032399386
0.07503803
0.02099811
-0.08134807
0.08270341
0.12103849
-0.004244499
0.011439146
0.04578955
-0.13764533
-0.035316482
-0.06871011
-0.077257246
-0.022416875
0.0332261
0.047008645
-0.07598184
-0.057766154
-0.18953143
-0.004892307
0.080284774
-0.117397614
-0.036101513
-0.12423662
0.018754724
0.085739
-0.13296503
0.18905875
0.013842113
0.073214084
-0.02775648
0.2238155
0.13960508
-0.043486655
-0.13869098
0.20308222
-0.0026313786
0.02953723
-0.12337349
-0.05753897
0.013813115
-0.20920905
-0.16706611
0.029847484
0.01335145
-0.13147964
-0.0202208
-0.079993494
-0.1855501
0.12661518
-0.025897523
-0.19664516
0.094715536
0.0378956
0.25375783
0.06608111
0.015248288
0.017801713
-0.05192994
-0.06487063
-0.029513322
0.17147699
-0.05275764
-0.020862153
0.0103023285
-0.0011732895
-0.11441007
0.06725607
0.0034539166
0.044233497
-0.07635008
-0.13043758
-0.176318
0.04253177
0.047948204
-0.0049447613
0.15679331
0.113424465
-0.04965405
-0.06845509
-0.0012769644
0.07795009
0.120848924
0.12528135
0.16837154
0.12509327
-0.0759461
0.004574063
0.09237223
0.032272615
-0.16295001
-0.0039632805
0.023002684
-0.25743127
-0.15447526
0.12565938
0.17971128
0.04740792
0.07118
0.007054573
-0.14501673
0.05016604
0.09751924
0.22458136
0.024830677
-0.20714265
-0.04631653
0.072980024
-0.065240465
0.26422057
0.03502315
0.0125722075
-0.019378673
0.06171433
0.087785505
-0.0007373356
-0.02119825
-0.0011772218
-0.06031125
-0.18277927
-0.14642261
0.2045469
-0.023881493
0.15066761
-0.064521596
0.13155758
-0.05605409
0.044960503
0.033521917
-0.04888428
0.07927189
-0.022419732
-0.114318356
0.13306734
0.01735394
-0.019749489
-0.17768645
0.059847116
-0.04736632
-0.13690434
-0.20267062
0.010888562
-0.14045061
-0.013370484
-0.04141068
0.26107737
-0.24601096
-0.10648636
0.15006433
0.04435167
0.08985631
0.015454787
0.09074891
-0.020616097
0.0715103
0.10040749
-0.05765638
0.11663936
0.15187049
-0.009465388
0.06436538
-0.101010166
-0.059779987
0.031212505
0.061100468
-0.09414985
0.10207517
-0.09077729
0.010574651
0.005116422
0.008415763
0.01890521
-0.026979104
0.019829215
0.15340626
0.02975288
0.017468112
0.08949604
0.23838368
0.044993505
-0.024643304
-0.021932784
-0.074637026
0.038507015
0.019747762
0.20507456
0.004525969
0.011087807
-0.10218756
-0.11082419
-0.08128177
0.037187133
-0.002281258
-0.033013083
-0.13263537
0.015502651
0.0039787763
0.17343022
0.065254495
-0.01970023
0.033776555
0.008556494
0.051209684
-0.12903063
-0.106870875
0.17588605
0.20190054
-0.1176548
0.12081322
0.026304143
0.20122123
0.08200105
0.052246768
-0.06449915
-0.13366452
-0.14059952
-0.15534787
0.043492973
0.22191183
0.082362615
0.061904673
0.10052852
-0.053014606
0.09890576
-0.019919708
-0.16008691
-0.10699078
0.108095504
-0.13778032
-0.0510718
-0.08919833
0.06645091
-0.0025385728
0.033524245
-0.0049962844
-0.011177504
-0.17354354
0.0069927312
-0.16542977
0.008765713
-0.0847608
0.12713778
-0.025409412
0.04358501
0.1204317
-0.091581434
0.21460965
-0.019258063
-0.027661845
-0.048152007
-0.13063878
0.12887089
-0.18650225
-0.045166794
-0.08324991
-0.0023734674
0.0027773534
-0.023909152
0.11455367
0.048508238
0.1916321
0.08652776
-0.06134797
-0.18250021
-0.054869983
0.022432601
0.19326523
-0.08517801
0.1209329
-0.094734065
0.20697282
-0.1781724
-0.017204463
0.18872172
0.0924742
0.032649487
-0.038092513
0.06527404
-0.17247391
0.13738061
-0.16209783
0.23964131
0.014861423
-0.029577002
-0.081119776
0.029618734
-0.1140741
0.033954743
0.062408883
-0.0049882913
-0.17659797
0.27064174
0.0057042376
0.11381464
-0.0924763
0.045323983
-0.13501988
-0.112817466
0.039223626
-0.065809
-0.06151892
-0.0798178
0.14133112
-0.08561404
0.13957018
-0.123322755
0.13870691
-0.1335298
0.08684936
-0.023986947
-0.016506441
-0.04288671
0.014422833
0.19923462
0.047882125
-0.023742126
-0.052233562
0.029416332
0.049604144
0.060667217
-0.027025092
-0.025427163
0.02587465
-0.06308151
-0.05697989
0.09462841
-0.1976756
-0.09623831
-0.100041814
-0.011095852
0.043790568
0.1476008
-0.017450064
-0.12161543
0.045655835
0.081252486
-0.16282044
0.026773002
0.07607869
0.060286578
-0.09838431
-0.0031347657
0.014065897
0.032186
0.16959356
0.21702075
-0.10185447
-0.07378618
0.09373788
0.03475943
0.18491614
0.03495164
0.19289434
0.12573439
-0.09564218
-0.0289925
-0.21257779
0.13580485
-0.03767163
0.045026217
0.08852873
-0.04031641
-0.10597701
-0.024753662
0.02383798
-0.099709265
0.061483987
-0.023610462
-0.046346292
-0.12852427
-0.16207673
-0.008132234
0.19898883
-0.07994725
-0.19196387
-0.09960424
0.06512066
0.07600302
-0.017336005
0.07489162
-0.033603415
0.09744284
0.15392667
0.09080206
-0.06338786
0.07311939
0.039697196
-0.11104791
0.0106154075
0.14516315
0.035302516
-0.041545536
0.24465176
0.010898734
0.07497404
0.04388672
-0.022947636
0.072662905
-0.13535896
0.0023216952
0.067668885
0.09452184
0.07196804
-0.098788425
0.030753253
-0.15780579
-0.14056116
-0.025879076
-0.03729166
0.084722295
0.07204726
0.17342813
0.03390176
0.16600148
-0.14279099
0.0427269
-0.054503456
-0.08512082
-0.13975656
-0.034514535
0.053913817
-0.061782636
-0.07106685
0.13793953
-0.098064266
0.1486181
-0.07353256
0.009462634
0.091307566
-0.09626159
-0.11733006
-0.014835158
-0.005990476
-0.0040714704
-0.087530844
-0.06827233
-0.015304168
0.123171955
0.1487677
-0.02289026
0.013073486
-0.104540914
-0.06682803
0.080703914
-0.025498597
-0.025073119
0.13187344
0.026888039
-0.008208114
-0.1037525
0.06678855
0.007606502
0.11775399
0.02619978
0.052824404
0.044221547
0.09261962
0.15729536
0.04214553
0.17118609
0.1634999
0.006082452
-0.06922869
-0.03359551
0.15464099
-0.012736847
0.009814545
-0.06651629
0.13400625
-0.07783616
0.028968487
-0.20791602
-0.038532846
0.070996605
0.030581135
-0.012731139
-0.14007922
-0.1927372
0.122487605
0.058427602
0.04629302
0.20359223
0.076755956
-0.071825325
-0.13433811
-0.058685787
0.29132715
-0.03547464
0.19492772
0.17093714
-0.01423929
-0.047675468
-0.0027194233
0.14276755
-0.03685502
-0.06960367
0.04734322
-0.015576691
-0.08339478
0.030888518
0.18535903
-0.10169264
-0.016296325
-0.007161042
0.044568907
0.07040988
0.111225784
0.1144836
0.14375582
-0.02534361
-0.024771987
0.11222828
0.1531515
-0.14369881
-0.033035073
0.059052125
0.1595471
-0.15428682
-0.1606814
-0.033643715
0.008185353
0.080962196
0.007343891
0.15521094
-0.01917391
0.08283649
-0.07785223
0.0781279
-0.09337612
0.17395478
-0.038184453
-0.13965635
0.12865712
0.09266593
0.03254195
0.08374951
0.17257786
-0.097040646
-0.017546715
0.049165025
0.03838817
0.028709035
0.0147276865
-0.039449982
0.066326246
-0.16098946
-0.04284997
-0.009429239
0.05230122
-0.1907253
0.07415069
-0.05909822
0.056356292
-0.11618093
0.14602415
-0.02246152
-0.039443355
0.003327885
-0.108917356
0.13335995
0.119315505
-0.1223639
0.03279734
0.00972232
-0.0750691
-0.085258074
-0.04238425
-0.046230942
-0.07660039
0.08322462
0.013824997
-0.21561034
-0.045216925
-0.21313006
0.08044857
-0.019951394
0.020834982
0.2511127
-0.15630853
-0.13788936
-0.15880415
-0.015411959
0.100162916
0.08603624
0.18368194
0.206746
-0.019309148
0.0355378
0.048802983
0.03893977
0.09967739
-0.08869192
-0.08523332
-0.25913444
0.0715996
-0.0051939464
0.19556744
0.1265674
-0.11473545
-0.059080582
-0.16166808
-0.07215185
0.09836992
-0.026870035
-0.0065912134
0.107489325
0.115291245
-0.032600805
0.047811877
-0.21089995
0.23662001
0.10238568
-0.017163217
-0.1833254
0.007631387
-0.010127258
0.08374756
0.017131938
-0.19408078
0.09672144
-0.10276214
-0.09321882
0.07920773
0.10085876
0.0669812
0.11490723
-0.105148785
-0.09253518
0.17867687
0.06981939
-0.057081323
0.10785591
0.054632854
0.20165262
-0.027486281
-0.062870175
-0.09609215
-0.012916011
-0.045591913
-0.06452404
0.012140426
-0.17117254
0.0017550713
0.08979893
0.0064594727
0.046492524
0.033542927
0.062233187
-0.03337378
0.018736152
0.023954133
-0.08451384
0.14401843
-0.12279124
0.05215023
0.13416983
0.08953316
0.0058318446
-0.07732391
-0.051887795
-0.11302489
-0.002092419
-0.089572266
0.040188577
0.06283844
0.12059282
-0.04098812
-0.030930225
0.118413046
0.096582316
-0.11137147
-0.026404643
0.026817245
0.11116059
-0.19858776
0.21031621
-0.007360341
-0.14348182
0.019500664
0.07181438
0.26572022
0.099343926
0.15541488
0.06641171
0.0742305
0.11556625
0.070758455
-0.21491396
0.06810394
-0.023575211
0.23813976
-0.060229156
-0.05992588
0.123282045
-0.24444944
0.03296672
-0.185399
-0.0121100405
0.06470383
0.08071302
-0.12427391
-0.0005652628
-0.010207736
0.08639425
0.15450989
-0.055779453
0.0098639
0.15760577
-0.032128718
0.105618834
-0.18114951
-0.15094532
0.007708817
-0.027826458
-0.08410325
-0.038645487
-0.09848193
-0.024801861
-0.007628192
-0.002414112
0.08695127
0.022976128
-0.04297478
0.11245612
0.05371742
0.016586954
0.024815228
0.08582787
-0.1233767
0.005854257
-0.089931995
0.09772975
-0.16453578
-0.03021016
0.10463823
-0.039388727
0.051194485
-0.11592303
0.054402128
0.09504492
-0.062353015
0.07517712
-0.17470613
-0.060574744
-0.063499905
0.06688492
-0.024128748
-0.044412844
-0.15524746
0.023108436
-0.058818076
-0.008449409
-0.15727514
0.028364033
0.1691247
-0.09270732
-0.15434714
0.22139384
-0.10636528
0.09407957
-0.12695922
-0.03593466
-0.12002382
-0.0154375555
0.0043907934
-0.08986846
-0.20850986
0.16433528
-0.14111751
0.087789014
-0.10270322
0.2874608
0.03692103
0.0404728
-0.024620185
-0.0033550938
0.14367408
0.004907766
0.20003566
0.05749605
-0.11673096
0.0036910924
-0.05046826
-0.09354785
0.08316767
0.03237809
0.0355607
0.050502833
-0.18211491
-0.022047685
-0.052238517
0.0005939979
-0.07727058
0.072525896
0.11992066
0.01991359
0.028864471
-0.030784206
0.13812208
0.029477641
0.14349313
-0.07988144
0.09607373
0.09133088
0.03656497
-0.026406188
0.037616882
-0.06577335
-0.01650285
