-0.006429847
-0.12651613
-0.077369966
-0.08100714
0.1581706
0.016518045
0.12155687
-0.102523394
0.14452897
0.08116077
-0.04388818
0.00038512365
-0.08460266
0.11199939
0.003088232
0.04496557
0.07187252
-0.12032693
0.12428989
0.11142674
0.24040034
0.057395987
0.2209356
-0.052878585
-0.019036753
-0.035450887
-0.039017756
0.023230493
-0.042517167
-0.031673755
-0.08445736
0.23535502
0.17329617
0.15003799
0.013374109
-0.070605464
-0.11180406
0.07290213
-0.059399057
-0.08555991
0.079901256
0.101905145
0.0833626
0.116004944
-0.104012035
-0.0709924
-0.11254235
0.06302123
-0.006094108
-0.10405136
-0.17200337
0.13817567
0.054746337
-0.1313799
0.12972316
-0.12192955
0.064132735
0.0920774
-0.14973824
-0.19601649
-0.11423326
-0.14043744
-0.14243793
0.087707974
-0.011048575
0.088627435
-0.11853693
-0.07248313
-0.15031135
0.08637191
0.10387048
0.18056303
0.17329091
0.14857528
-0.031995915
0.057291344
0.1611828
-0.16844949
-0.075556815
-0.14301144
-0.10680334
0.14350267
-0.025381008
-0.112582006
0.1461529
0.035851568
-0.14459385
0.17130636
0.19333671
0.15636721
0.07753953
-0.1808496
0.08389797
0.032083463
-0.00130229
0.14754894
0.14931779
-0.18146446
0.14380744
0.070357814
-0.12022532
-0.0802548
-0.12192533
-0.080851
0.15354258
0.08720596
0.07372411
-0.1168157
0.08431018
0.17825551
0.06802543
0.05292712
0.06042649
0.04095377
-0.21361302
0.007547576
-0.14822789
0.11704504
-0.175181
0.13016085
-0.06549019
-0.23561163
-0.074950784
0.13981616
-0.22864586
0.14803363
-0.012544978
0.06903363
0.05543629
0.022294661
0.09002939
0.1550671
0.16758531
-0.018938888
-0.11684454
-0.103717886
-0.13168123
0.1452119
0.051967487
-0.14611673
0.08183616
-0.0008453623
-0.13813077
0.016514592
-0.057707332
0.04584935
0.0764055
-0.14134292
0.1435586
0.17691235
-0.052414373
-0.19439535
0.06352778
0.08361393
-0.18402977
0.033112105
-0.11400562
-0.016114611
-0.015454927
0.042237956
-0.02139617
0.21553057
0.023546115
-0.089452565
-0.086940534
-0.09605352
0.10852086
-0.16599904
0.12861206
-0.09204702
-0.1420399
0.15412767
0.16070597
0.10262425
-0.03549521
-0.12992403
-0.20830794
-0.04136859
-0.01064805
-0.089536265
0.049719762
-0.120006
0.17638175
-0.16411105
0.10476444
-0.15338613
0.06049886
-0.05070647
0.1612012
-0.124862194
0.067027636
-0.077943005
-0.20961855
-0.13014431
-0.086639605
-0.21417332
-0.12409362
-0.002406188
0.0107467715
0.031953044
0.047412332
-0.09479801
-0.06931731
-0.115437575
-0.09851637
0.12673719
0.023194931
0.16936338
-0.08532072
0.14034206
-0.09713274
0.24993014
-0.08280833
-0.07093597
0.20407431
0.009896255
0.17925303
0.0488553
-0.04397808
-0.06341033
-0.06528018
-0.16798063
0.13071708
-0.015737658
0.061193194
0.051290754
0.05055613
0.008560836
0.045592785
-0.2057894
-0.058011316
-0.22224534
0.053871006
0.12735625
0.116874166
-0.1051915
-0.20714507
0.12343606
0.07872407
0.114717565
-0.09579281
0.094040416
-0.13762619
-0.04121339
0.021395367
-0.016219936
0.13571396
-0.13039747
0.12807877
-0.13808163
-0.014622954
0.13319933
-0.05640167
0.15447034
0.13439485
-0.064300746
-0.030608093
0.044197753
0.06615941
0.12506889
0.12994623
0.072918065
-0.08148201
0.081025966
-0.033279262
0.031157784
-0.14311634
-0.15256882
0.15552625
-0.05701055
-0.00012125523
-0.15443325
-0.09386993
0.13736303
0.035637863
-0.06718891
-0.057819363
0.14586088
-0.1750613
-0.074515216
-0.066014975
-0.17617247
0.15617213
0.20174356
0.10467783
-0.103221
-0.064335905
-0.1140237
-0.105494015
0.07124259
-0.030048102
-0.029943293
-0.013758702
-0.18917032
-0.025284417
-0.1512798
0.16069421
0.03128066
-0.2035872
0.06129034
-0.041128147
0.15182245
0.13528259
0.19563237
0.02109586
-0.08742853
-0.12623005
0.16840717
-0.008556673
0.14292379
-0.17708156
-0.0558594
0.09048305
-0.115081735
0.07004195
-0.12011566
-0.09906173
0.1037614
0.16790056
0.08960926
-0.102568716
0.12078887
-0.038425412
-0.107373215
-0.110613145
-0.13295206
-0.07118438
0.11027482
0.18095832
0.11846243
0.21926348
0.094087265
0.20786184
0.012190253
-0.064912304
-0.120460294
0.011513729
0.04701941
-0.059858102
-0.08625721
0.11445521
0.21610852
-0.023546802
-0.012643921
0.15436329
-0.07744038
0.0858101
0.025765277
-0.13009314
0.14543866
0.05274896
0.09702561
-0.04343796
-0.1618314
0.10575856
0.03065512
0.12479003
-0.05380632
0.14226227
-0.124938756
-0.06506548
0.14544444
-0.123723134
-0.114655875
0.13608642
-0.15216374
0.105534695
-0.05942241
-0.10749704
0.08534861
0.12619144
-0.121354654
-0.10795416
-0.087969884
-0.01687323
0.17077218
0.19985838
-0.024249408
-0.08501408
0.0021619848
0.08250463
-0.14986183
0.05429525
-0.044561796
-0.1769769
0.09488345
-0.09815505
0.07054788
-0.20898208
0.08890184
0.1753132
0.20799287
0.19508208
0.043303877
-0.035044443
-0.03717258
0.21361344
-0.05320325
0.10281275
-0.0612214
-0.12724006
-0.19202219
0.0691143
0.07942819
0.08062473
0.019157689
-0.078362025
-0.17732917
-0.10242164
0.045263436
-0.023236465
0.18131593
-0.20072417
-0.025143951
-0.02216442
0.16855647
0.026117995
0.103835866
-0.058841147
-0.06078079
-0.16790086
-0.046040244
-0.17000164
0.0245984
-0.08989521
-0.088083394
-0.029788831
0.13089658
-0.16347809
0.09441983
0.2361122
-0.13049991
-0.13831781
-0.0713682
0.085776344
0.01482129
0.008400133
0.09226631
-0.112688966
-0.046449058
-0.07568505
-0.16239509
0.09092811
0.07441939
0.06512827
-0.09133547
-0.008609336
0.12660265
0.08853485
-0.059640307
0.1266344
0.09427141
0.009087478
0.054211803
0.18000077
-0.08910566
-0.15259548
0.16517332
-0.06619936
0.15006982
-0.16911115
0.0020491437
-0.16389768
0.092849635
0.063796036
0.06264071
-0.09892401
-0.16503721
0.041803822
0.07963951
0.10375547
-0.0055124206
0.1572549
0.079904415
-0.14357893
0.12184769
0.18035473
-0.09376026
0.07949151
-0.11892674
-0.088064805
0.08754659
0.051414967
-0.058891583
-0.1331144
0.15008813
-0.071372576
0.012305394
0.19216219
-0.104079805
0.24852416
0.036830302
-0.051892743
-0.018270135
0.14982319
-0.038233392
0.01045318
0.012732164
0.045032352
-0.042069476
0.08052975
-0.11169571
-0.16279739
-0.14026706
0.036539342
0.11177702
0.1470138
-0.016586114
-0.06699051
0.06827187
0.015119575
0.027037622
0.009864357
0.031535618
-0.16236077
0.06769499
0.058847535
-0.25893527
0.063430354
0.0020712644
0.087392785
-0.04385784
0.13673659
-0.072225876
0.1471948
-0.04064431
0.20486088
-0.006156002
0.016977463
0.012149578
0.1730817
0.13578573
0.021718627
-0.13231353
0.12896302
-0.14182828
-0.08362959
-0.08959127
-0.19374861
0.04795485
0.24985571
-0.10759445
-0.07861979
-0.092223644
-0.10713376
0.16156034
0.15046461
-0.1212027
-0.05632731
-0.10911047
0.12165449
-0.19595131
0.09870423
0.12265812
-0.17240223
0.064768896
-0.0915493
-0.028099464
0.082761705
-0.17658128
-0.047719155
-0.06864051
-0.066345006
0.12966259
0.17425182
0.08748361
-0.095238134
-0.09641957
0.17966668
0.18545379
0.10948641
-0.022746902
-0.09601904
0.112649664
0.09412436
-0.12641335
-0.09379694
0.011471087
0.027620144
0.0600141
0.1893312
0.17852743
0.14257245
0.051177427
-0.08887831
-0.05577004
0.14394382
-0.07871205
-0.010669967
-0.10137621
-0.13796958
0.1501991
0.10996674
0.1628057
-0.16206005
-0.090339534
-0.076333456
0.185384
0.025750017
0.12438461
-0.067682095
-0.068453826
-0.21537612
-0.22789346
0.060135383
-0.037558388
-0.020313
0.027253004
0.019271012
0.019317785
0.06255311
-0.20952898
-0.12126133
0.022784652
-0.20208012
0.046149693
-0.20221326
0.061871886
0.003867389
0.048450302
-0.1487889
0.049349293
0.05401578
-0.062289834
0.036591012
0.060864307
0.05324746
0.02094209
-0.16443062
0.07726303
0.09133543
-0.08674624
0.12949471
-0.020318415
0.05413626
-0.13803479
-0.11881438
0.09953737
-0.059353232
0.029928882
0.013650989
0.04285744
-0.094457984
0.12608635
0.15337278
-0.094137184
-0.06393618
-0.08226978
-0.079125434
0.16363795
-0.1765544
0.12313164
0.07831131
-0.045911737
0.08789031
-0.094043784
-0.049720112
0.089932166
0.13802943
0.030658735
0.1273743
0.011173767
0.015923282
-0.16894828
0.14306408
-0.13619764
-0.19384733
-0.028736763
0.050860915
-0.018105233
-0.1442775
0.061990034
0.05295116
-0.16136925
0.07273614
-0.17151712
0.094953835
-0.11196904
-0.10435071
-0.16604005
0.12705159
-0.09660457
0.09323893
-0.15718174
-0.033263303
-0.10585898
0.05472629
0.036739178
-0.114970185
0.01056104
0.05591256
-0.084098965
-0.043763407
-0.1370289
0.21974869
-0.124347836
0.097877964
0.047079213
-0.10587759
-0.11316552
0.18238138
0.20324597
0.061660074
-0.009211421
-0.15492386
-0.15665694
0.055507477
0.14649001
0.019757759
-0.17601979
0.021095747
0.18589237
0.028352566
-0.08576943
-0.057020504
-0.16222635
-0.20816374
0.09570315
-0.15549159
0.03439941
0.11697147
-0.1236226
0.086707644
-0.080279574
0.12039817
-0.091239765
0.115818344
-0.046316613
0.038104508
0.033571098
0.15902619
-0.15222283
-0.16525356
0.026485702
-0.17987967
0.1557069
0.09724322
-0.03808669
-0.1744627
-0.14807154
-0.21662231
-0.07974959
0.07365118
-0.061167803
-0.06582435
0.09214778
-0.013152257
0.1075631
-0.103129014
-0.16671677
-0.15904462
0.2050664
-0.045516692
0.094763495
-0.038411517
0.06875084
0.111464314
-0.12631878
-0.15923643
-0.10343089
-0.15480477
0.098278195
-0.12276797
-0.015022728
-0.1675501
-0.14902946
-0.07988784
-0.088039
0.17856745
0.0642639
0.089938045
-0.16811796
0.08124214
-0.14396437
0.088456735
-0.10484695
0.021856256
-0.034023684
-0.08448099
0.008873141
0.07359804
-0.14345844
0.14842598
0.16073902
-0.054308306
-0.13053775
-0.10620166
0.16764969
0.14633703
0.1570606
0.16776738
0.023165662
-0.05831657
-0.17990711
0.15882981
-0.16806746
0.1446579
0.15331374
-0.07848251
-0.15417518
-0.22693098
0.11132097
0.10974133
0.13205579
-0.18411939
-0.051296234
0.0057755415
0.08597193
0.09383881
-0.21228391
0.13050897
0.095857196
0.05034772
-0.0866516
-0.091543324
-0.04301015
0.17308581
-0.10063612
0.21424982
-0.08528836
0.1523127
-0.03246891
0.06749007
-0.086033404
-0.17942652
-0.10010522
0.07747453
0.030288333
-0.07776201
-0.11878353
-0.1022686
0.18930463
-0.11544672
0.011289492
0.014815001
-0.052326635
-0.16023295
0.10641053
-0.1680075
0.06797273
